chr1	66	466
chr1	1723	2123
chr1	5176	5576
chr1	5614	6014
chr1	6499	6899
chr1	7623	8023
chr1	8288	8688
chr1	15907	16307
chr1	18584	18984
chr1	19217	19617
chr1	21515	21915
chr1	23946	24346
chr1	25095	25495
chr1	29171	29571
chr1	30188	30588
chr1	31753	32153
chr1	34462	34862
chr1	35403	35803
chr1	36000	36400
chr1	36751	37151
chr1	37979	38379
chr1	43463	43863
chr1	44302	44702
chr1	47567	47967
chr1	48074	48474
chr1	48500	48900
chr1	54628	55028
chr1	55223	55623
chr1	55925	56325
chr1	58312	58712
chr1	58723	59123
chr1	59468	59868
chr1	62355	62755
chr1	62940	63340
chr1	63400	63800
chr1	64737	65137
chr1	65378	65778
chr1	66636	67036
chr1	67160	67560
chr1	68601	69001
chr1	70547	70947
chr1	71745	72145
chr1	75888	76288
chr1	77919	78319
chr1	80160	80560
chr1	80806	81206
chr1	81510	81910
chr1	83540	83940
chr1	84982	85382
chr1	86422	86822
chr1	91673	92073
chr1	94397	94797
chr1	96297	96697
chr1	97741	98141
chr1	98752	99152
chr1	99709	100109
chr1	103152	103552
chr1	104566	104966
chr1	105825	106225
chr1	107676	108076
chr1	114776	115176
chr1	116102	116502
chr1	118624	119024
chr1	125625	126025
chr1	126510	126910
chr1	128425	128825
chr1	129050	129450
chr1	130739	131139
chr1	132024	132424
chr1	134572	134972
chr1	137078	137478
chr1	138267	138667
chr1	142137	142537
chr1	142561	142961
chr1	145773	146173
chr1	146234	146634
chr1	146854	147254
chr1	148161	148561
chr1	148820	149220
chr1	150203	150603
chr1	152067	152467
chr1	156080	156480
chr1	156644	157044
chr1	158226	158626
chr1	158997	159397
chr1	165311	165711
chr1	166547	166947
chr1	171569	171969
chr1	172905	173305
chr1	175940	176340
chr1	176882	177282
chr1	178674	179074
chr1	183303	183703
chr1	183722	184122
chr1	185294	185694
chr1	186360	186760
chr1	188105	188505
chr1	188694	189094
chr1	189944	190344
chr1	192302	192702
chr1	193683	194083
chr1	194348	194748
chr1	195232	195632
chr1	201496	201896
chr1	202016	202416
chr1	203045	203445
chr1	206386	206786
chr1	209883	210283
chr1	211160	211560
chr1	213779	214179
chr1	215169	215569
chr1	216484	216884
chr1	219595	219995
chr1	225680	226080
chr1	227597	227997
chr1	229717	230117
chr1	230877	231277
chr1	231586	231986
chr1	234012	234412
chr1	238751	239151
chr1	239980	240380
chr1	242980	243380
chr1	244173	244573
chr1	247506	247906
chr1	250605	251005
chr1	251854	252254
chr1	256420	256820
chr1	258295	258695
chr1	260404	260804
chr1	264724	265124
chr1	266143	266543
chr1	270391	270791
chr1	271434	271834
chr1	275317	275717
chr1	279042	279442
chr1	279627	280027
chr1	280369	280769
chr1	281251	281651
chr1	283987	284387
chr1	287348	287748
chr1	288095	288495
chr1	291031	291431
chr1	293289	293689
chr1	294776	295176
chr1	300459	300859
chr1	304374	304774
chr1	305203	305603
chr1	305625	306025
chr1	306219	306619
chr1	307696	308096
chr1	310963	311363
chr1	314967	315367
chr1	317657	318057
chr1	318116	318516
chr1	322393	322793
chr1	323049	323449
chr1	324015	324415
chr1	326283	326683
chr1	326849	327249
chr1	327855	328255
chr1	330486	330886
chr1	331051	331451
chr1	332015	332415
chr1	334130	334530
chr1	335163	335563
chr1	335755	336155
chr1	339112	339512
chr1	340505	340905
chr1	341275	341675
chr1	344108	344508
chr1	344661	345061
chr1	345869	346269
chr1	347180	347580
chr1	348804	349204
chr1	349576	349976
chr1	350846	351246
chr1	353963	354363
chr1	358583	358983
chr1	359463	359863
chr1	360469	360869
chr1	364633	365033
chr1	365508	365908
chr1	367400	367800
chr1	368123	368523
chr1	368726	369126
chr1	369341	369741
chr1	369792	370192
chr1	376890	377290
chr1	377504	377904
chr1	379269	379669
chr1	380871	381271
chr1	382260	382660
chr1	383213	383613
chr1	384454	384854
chr1	385296	385696
chr1	386501	386901
chr1	390147	390547
chr1	390873	391273
chr1	395628	396028
chr1	397478	397878
chr1	398669	399069
chr1	399300	399700
chr1	400693	401093
chr1	406697	407097
chr1	410918	411318
chr1	411395	411795
chr1	414193	414593
chr1	414627	415027
chr1	416814	417214
chr1	422651	423051
chr1	423210	423610
chr1	425485	425885
chr1	427962	428362
chr1	432282	432682
chr1	436175	436575
chr1	436703	437103
chr1	439361	439761
chr1	439976	440376
chr1	440416	440816
chr1	441298	441698
chr1	442308	442708
chr1	443184	443584
chr1	444144	444544
chr1	446663	447063
chr1	447149	447549
chr1	447623	448023
chr1	448951	449351
chr1	450138	450538
chr1	450620	451020
chr1	451241	451641
chr1	451964	452364
chr1	452740	453140
chr1	454963	455363
chr1	455416	455816
chr1	457743	458143
chr1	458296	458696
chr1	459978	460378
chr1	462317	462717
chr1	464465	464865
chr1	466422	466822
chr1	466927	467327
chr1	470148	470548
chr1	471328	471728
chr1	472209	472609
chr1	474893	475293
chr1	476548	476948
chr1	477997	478397
chr1	479888	480288
chr1	483049	483449
chr1	485039	485439
chr1	485442	485842
chr1	485935	486335
chr1	488457	488857
chr1	489028	489428
chr1	493603	494003
chr1	497337	497737
chr1	498096	498496
chr1	499318	499718
chr1	500030	500430
chr1	502368	502768
chr1	508948	509348
chr1	510381	510781
chr1	512032	512432
chr1	512480	512880
chr1	514369	514769
chr1	514985	515385
chr1	518518	518918
chr1	519927	520327
chr1	526007	526407
chr1	532031	532431
chr1	533295	533695
chr1	535331	535731
chr1	536968	537368
chr1	538931	539331
chr1	541016	541416
chr1	541842	542242
chr1	543942	544342
chr1	545426	545826
chr1	546269	546669
chr1	547405	547805
chr1	549112	549512
chr1	552034	552434
chr1	553215	553615
chr1	555664	556064
chr1	559613	560013
chr1	562759	563159
chr1	566048	566448
chr1	566451	566851
chr1	569594	569994
chr1	571330	571730
chr1	574936	575336
chr1	585521	585921
chr1	586075	586475
chr1	586765	587165
chr1	588668	589068
chr1	589206	589606
chr1	591422	591822
chr1	592603	593003
chr1	595886	596286
chr1	598770	599170
chr1	601081	601481
chr1	602688	603088
chr1	604387	604787
chr1	605901	606301
chr1	608916	609316
chr1	609770	610170
chr1	612968	613368
chr1	614173	614573
chr1	614934	615334
chr1	616140	616540
chr1	618320	618720
chr1	619571	619971
chr1	623008	623408
chr1	623924	624324
chr1	625117	625517
chr1	626139	626539
chr1	627206	627606
chr1	630667	631067
chr1	634052	634452
chr1	640667	641067
chr1	643763	644163
chr1	649529	649929
chr1	650936	651336
chr1	652901	653301
chr1	659338	659738
chr1	660340	660740
chr1	661786	662186
chr1	663137	663537
chr1	666977	667377
chr1	668794	669194
chr1	670506	670906
chr1	671157	671557
chr1	673399	673799
chr1	675222	675622
chr1	675734	676134
chr1	676292	676692
chr1	677751	678151
chr1	680704	681104
chr1	683225	683625
chr1	684593	684993
chr1	685080	685480
chr1	685713	686113
chr1	688360	688760
chr1	688946	689346
chr1	689798	690198
chr1	693030	693430
chr1	694931	695331
chr1	696606	697006
chr1	698907	699307
chr1	703661	704061
chr1	707818	708218
chr1	711437	711837
chr1	713951	714351
chr1	715665	716065
chr1	717120	717520
chr1	721486	721886
chr1	722101	722501
chr1	723380	723780
chr1	724750	725150
chr1	726153	726553
chr1	726734	727134
chr1	727234	727634
chr1	729050	729450
chr1	730635	731035
chr1	731079	731479
chr1	732431	732831
chr1	734607	735007
chr1	735937	736337
chr1	736810	737210
chr1	744104	744504
chr1	745079	745479
chr1	747021	747421
chr1	747742	748142
chr1	748844	749244
chr1	751434	751834
chr1	753402	753802
chr1	754076	754476
chr1	758352	758752
chr1	760645	761045
chr1	761263	761663
chr1	761768	762168
chr1	762351	762751
chr1	762958	763358
chr1	764045	764445
chr1	767296	767696
chr1	767861	768261
chr1	768855	769255
chr1	769762	770162
chr1	771558	771958
chr1	774245	774645
chr1	776136	776536
chr1	778497	778897
chr1	779019	779419
chr1	779470	779870
chr1	780756	781156
chr1	781913	782313
chr1	782756	783156
chr1	784956	785356
chr1	788295	788695
chr1	796784	797184
chr1	801346	801746
chr1	804935	805335
chr1	806670	807070
chr1	808763	809163
chr1	809549	809949
chr1	810119	810519
chr1	815199	815599
chr1	815730	816130
chr1	816751	817151
chr1	817713	818113
chr1	819041	819441
chr1	820888	821288
chr1	823686	824086
chr1	824563	824963
chr1	825165	825565
chr1	825599	825999
chr1	826058	826458
chr1	827285	827685
chr1	827993	828393
chr1	828620	829020
chr1	831871	832271
chr1	833244	833644
chr1	835114	835514
chr1	838130	838530
chr1	838788	839188
chr1	839377	839777
chr1	845618	846018
chr1	847150	847550
chr1	848515	848915
chr1	849369	849769
chr1	851366	851766
chr1	854053	854453
chr1	857063	857463
chr1	858491	858891
chr1	860695	861095
chr1	864033	864433
chr1	867877	868277
chr1	868383	868783
chr1	868875	869275
chr1	869737	870137
chr1	872322	872722
chr1	873357	873757
chr1	878156	878556
chr1	878990	879390
chr1	881249	881649
chr1	882441	882841
chr1	884700	885100
chr1	888312	888712
chr1	889280	889680
chr1	892834	893234
chr1	894560	894960
chr1	896477	896877
chr1	897770	898170
chr1	903644	904044
chr1	908534	908934
chr1	911127	911527
chr1	913271	913671
chr1	917124	917524
chr1	919490	919890
chr1	923420	923820
chr1	926894	927294
chr1	928536	928936
chr1	929153	929553
chr1	930050	930450
chr1	931527	931927
chr1	934029	934429
chr1	934605	935005
chr1	935444	935844
chr1	947985	948385
chr1	951206	951606
chr1	954429	954829
chr1	960138	960538
chr1	968419	968819
chr1	972872	973272
chr1	973933	974333
chr1	975173	975573
chr1	975998	976398
chr1	979516	979916
chr1	980698	981098
chr1	982245	982645
chr1	983282	983682
chr1	986205	986605
chr1	988292	988692
chr1	988730	989130
chr1	989962	990362
chr1	991050	991450
chr1	991777	992177
chr1	993356	993756
chr1	994298	994698
chr1	1001784	1002184
chr1	1002333	1002733
chr1	1005083	1005483
chr1	1007881	1008281
chr1	1011429	1011829
chr1	1013824	1014224
chr1	1016594	1016994
chr1	1022644	1023044
chr1	1027123	1027523
chr1	1032002	1032402
chr1	1034056	1034456
chr1	1035808	1036208
chr1	1039227	1039627
chr1	1042175	1042575
chr1	1042844	1043244
chr1	1044062	1044462
chr1	1045230	1045630
chr1	1045645	1046045
chr1	1049200	1049600
chr1	1050193	1050593
chr1	1052418	1052818
chr1	1053411	1053811
chr1	1055885	1056285
chr1	1059238	1059638
chr1	1060099	1060499
chr1	1061729	1062129
chr1	1064515	1064915
chr1	1069433	1069833
chr1	1071331	1071731
chr1	1072876	1073276
chr1	1076593	1076993
chr1	1080842	1081242
chr1	1085351	1085751
chr1	1089859	1090259
chr1	1091172	1091572
chr1	1092134	1092534
chr1	1095430	1095830
chr1	1096762	1097162
chr1	1098687	1099087
chr1	1102247	1102647
chr1	1104273	1104673
chr1	1105237	1105637
chr1	1109983	1110383
chr1	1111114	1111514
chr1	1112643	1113043
chr1	1113442	1113842
chr1	1115255	1115655
chr1	1118885	1119285
chr1	1119735	1120135
chr1	1122603	1123003
chr1	1125070	1125470
chr1	1126573	1126973
chr1	1127615	1128015
chr1	1130217	1130617
chr1	1130849	1131249
chr1	1131943	1132343
chr1	1132397	1132797
chr1	1134139	1134539
chr1	1135914	1136314
chr1	1136757	1137157
chr1	1137359	1137759
chr1	1142216	1142616
chr1	1143244	1143644
chr1	1144302	1144702
chr1	1145212	1145612
chr1	1145728	1146128
chr1	1149434	1149834
chr1	1152748	1153148
chr1	1153185	1153585
chr1	1154261	1154661
chr1	1155232	1155632
chr1	1159468	1159868
chr1	1161582	1161982
chr1	1162903	1163303
chr1	1163796	1164196
chr1	1164963	1165363
chr1	1166746	1167146
chr1	1169544	1169944
chr1	1170221	1170621
chr1	1172355	1172755
chr1	1173757	1174157
chr1	1174212	1174612
chr1	1176958	1177358
chr1	1178417	1178817
chr1	1179392	1179792
chr1	1180282	1180682
chr1	1183987	1184387
chr1	1185121	1185521
chr1	1189112	1189512
chr1	1191724	1192124
chr1	1192605	1193005
chr1	1193114	1193514
chr1	1195226	1195626
chr1	1200698	1201098
chr1	1202938	1203338
chr1	1203696	1204096
chr1	1206001	1206401
chr1	1206545	1206945
chr1	1209078	1209478
chr1	1212115	1212515
chr1	1213322	1213722
chr1	1214856	1215256
chr1	1215531	1215931
chr1	1217583	1217983
chr1	1221616	1222016
chr1	1224134	1224534
chr1	1226843	1227243
chr1	1228389	1228789
chr1	1228981	1229381
chr1	1230466	1230866
chr1	1231064	1231464
chr1	1235390	1235790
chr1	1235800	1236200
chr1	1241140	1241540
chr1	1242282	1242682
chr1	1244265	1244665
chr1	1245881	1246281
chr1	1246349	1246749
chr1	1253574	1253974
chr1	1255400	1255800
chr1	1256721	1257121
chr1	1257157	1257557
chr1	1260037	1260437
chr1	1262461	1262861
chr1	1263448	1263848
chr1	1264275	1264675
chr1	1265638	1266038
chr1	1266676	1267076
chr1	1268261	1268661
chr1	1269326	1269726
chr1	1271595	1271995
chr1	1273695	1274095
chr1	1274575	1274975
chr1	1276205	1276605
chr1	1276935	1277335
chr1	1277585	1277985
chr1	1278715	1279115
chr1	1281665	1282065
chr1	1282089	1282489
chr1	1282717	1283117
chr1	1288610	1289010
chr1	1289055	1289455
chr1	1290117	1290517
chr1	1298550	1298950
chr1	1300308	1300708
chr1	1301352	1301752
chr1	1301792	1302192
chr1	1302446	1302846
chr1	1303336	1303736
chr1	1305756	1306156
chr1	1306521	1306921
chr1	1308709	1309109
chr1	1309500	1309900
chr1	1310843	1311243
chr1	1313974	1314374
chr1	1315540	1315940
chr1	1316465	1316865
chr1	1317974	1318374
chr1	1319397	1319797
chr1	1320344	1320744
chr1	1321449	1321849
chr1	1325553	1325953
chr1	1326906	1327306
chr1	1327624	1328024
chr1	1328918	1329318
chr1	1330004	1330404
chr1	1330605	1331005
chr1	1331933	1332333
chr1	1333881	1334281
chr1	1335455	1335855
chr1	1335982	1336382
chr1	1337871	1338271
chr1	1340324	1340724
chr1	1342203	1342603
chr1	1343463	1343863
chr1	1344696	1345096
chr1	1347858	1348258
chr1	1349731	1350131
chr1	1350398	1350798
chr1	1352815	1353215
chr1	1355505	1355905
chr1	1358472	1358872
chr1	1360641	1361041
chr1	1361764	1362164
chr1	1362878	1363278
chr1	1365296	1365696
chr1	1374145	1374545
chr1	1374943	1375343
chr1	1378396	1378796
chr1	1384471	1384871
chr1	1388727	1389127
chr1	1389962	1390362
chr1	1390617	1391017
chr1	1391446	1391846
chr1	1395775	1396175
chr1	1396987	1397387
chr1	1397735	1398135
chr1	1400980	1401380
chr1	1406321	1406721
chr1	1406759	1407159
chr1	1407449	1407849
chr1	1408268	1408668
chr1	1409756	1410156
chr1	1410945	1411345
chr1	1416332	1416732
chr1	1416892	1417292
chr1	1417463	1417863
chr1	1419054	1419454
chr1	1420465	1420865
chr1	1421447	1421847
chr1	1422910	1423310
chr1	1423621	1424021
chr1	1427623	1428023
chr1	1428468	1428868
chr1	1430759	1431159
chr1	1431994	1432394
chr1	1439361	1439761
chr1	1440950	1441350
chr1	1445062	1445462
chr1	1445658	1446058
chr1	1447900	1448300
chr1	1448601	1449001
chr1	1450449	1450849
chr1	1453831	1454231
chr1	1454596	1454996
chr1	1456529	1456929
chr1	1458588	1458988
chr1	1461956	1462356
chr1	1462418	1462818
chr1	1465121	1465521
chr1	1468943	1469343
chr1	1469600	1470000
chr1	1471867	1472267
chr1	1476964	1477364
chr1	1477970	1478370
chr1	1484353	1484753
chr1	1485080	1485480
chr1	1486712	1487112
chr1	1489396	1489796
chr1	1489898	1490298
chr1	1491092	1491492
chr1	1491857	1492257
chr1	1493012	1493412
chr1	1493789	1494189
chr1	1494424	1494824
chr1	1495391	1495791
chr1	1498499	1498899
chr1	1500093	1500493
chr1	1501472	1501872
chr1	1502226	1502626
chr1	1502695	1503095
chr1	1504203	1504603
chr1	1506035	1506435
chr1	1507521	1507921
chr1	1508960	1509360
chr1	1510101	1510501
chr1	1512208	1512608
chr1	1516820	1517220
chr1	1518198	1518598
chr1	1522475	1522875
chr1	1524454	1524854
chr1	1528056	1528456
chr1	1528501	1528901
chr1	1532285	1532685
chr1	1532838	1533238
chr1	1535092	1535492
chr1	1535868	1536268
chr1	1536917	1537317
chr1	1538359	1538759
chr1	1540287	1540687
chr1	1541725	1542125
chr1	1543189	1543589
chr1	1545900	1546300
chr1	1547689	1548089
chr1	1548290	1548690
chr1	1550920	1551320
chr1	1551451	1551851
chr1	1555530	1555930
chr1	1556891	1557291
chr1	1561542	1561942
chr1	1562170	1562570
chr1	1562764	1563164
chr1	1566837	1567237
chr1	1567498	1567898
chr1	1568662	1569062
chr1	1571350	1571750
chr1	1572536	1572936
chr1	1574698	1575098
chr1	1576172	1576572
chr1	1577862	1578262
chr1	1578794	1579194
chr1	1580423	1580823
chr1	1581036	1581436
chr1	1581508	1581908
chr1	1584010	1584410
chr1	1585437	1585837
chr1	1588216	1588616
chr1	1589912	1590312
chr1	1591638	1592038
chr1	1593030	1593430
chr1	1594217	1594617
chr1	1595915	1596315
chr1	1597370	1597770
chr1	1597913	1598313
chr1	1599046	1599446
chr1	1600455	1600855
chr1	1601899	1602299
chr1	1603169	1603569
chr1	1608979	1609379
chr1	1615785	1616185
chr1	1622031	1622431
chr1	1622817	1623217
chr1	1626101	1626501
chr1	1628705	1629105
chr1	1631084	1631484
chr1	1634819	1635219
chr1	1637893	1638293
chr1	1639678	1640078
chr1	1640860	1641260
chr1	1643123	1643523
chr1	1643897	1644297
chr1	1646830	1647230
chr1	1648303	1648703
chr1	1649444	1649844
chr1	1650948	1651348
chr1	1652037	1652437
chr1	1652690	1653090
chr1	1655366	1655766
chr1	1656727	1657127
chr1	1657365	1657765
chr1	1657910	1658310
chr1	1659305	1659705
chr1	1660016	1660416
chr1	1660507	1660907
chr1	1662244	1662644
chr1	1665444	1665844
chr1	1668936	1669336
chr1	1670688	1671088
chr1	1671261	1671661
chr1	1676018	1676418
chr1	1679277	1679677
chr1	1680348	1680748
chr1	1681399	1681799
chr1	1682319	1682719
chr1	1684681	1685081
chr1	1686547	1686947
chr1	1690195	1690595
chr1	1691333	1691733
chr1	1693654	1694054
chr1	1694755	1695155
chr1	1695223	1695623
chr1	1696388	1696788
chr1	1697059	1697459
chr1	1697957	1698357
chr1	1698505	1698905
chr1	1699694	1700094
chr1	1700623	1701023
chr1	1704161	1704561
chr1	1710655	1711055
chr1	1712193	1712593
chr1	1713356	1713756
chr1	1715008	1715408
chr1	1715499	1715899
chr1	1716140	1716540
chr1	1717905	1718305
chr1	1718536	1718936
chr1	1720591	1720991
chr1	1721289	1721689
chr1	1726505	1726905
chr1	1727597	1727997
chr1	1728053	1728453
chr1	1729826	1730226
chr1	1732840	1733240
chr1	1733983	1734383
chr1	1735124	1735524
chr1	1736481	1736881
chr1	1737507	1737907
chr1	1738923	1739323
chr1	1742013	1742413
chr1	1744320	1744720
chr1	1745966	1746366
chr1	1746400	1746800
chr1	1748593	1748993
chr1	1749687	1750087
chr1	1752085	1752485
chr1	1753917	1754317
chr1	1754688	1755088
chr1	1755938	1756338
chr1	1756672	1757072
chr1	1757703	1758103
chr1	1760022	1760422
chr1	1760720	1761120
chr1	1764031	1764431
chr1	1764896	1765296
chr1	1771764	1772164
chr1	1774046	1774446
chr1	1775365	1775765
chr1	1776163	1776563
chr1	1776758	1777158
chr1	1778138	1778538
chr1	1781704	1782104
chr1	1782516	1782916
chr1	1784624	1785024
chr1	1787027	1787427
chr1	1790461	1790861
chr1	1792170	1792570
chr1	1793118	1793518
chr1	1798035	1798435
chr1	1799961	1800361
chr1	1806757	1807157
chr1	1808348	1808748
chr1	1810906	1811306
chr1	1812826	1813226
chr1	1813432	1813832
chr1	1814834	1815234
chr1	1816861	1817261
chr1	1819708	1820108
chr1	1820110	1820510
chr1	1823942	1824342
chr1	1826224	1826624
chr1	1826825	1827225
chr1	1827320	1827720
chr1	1829329	1829729
chr1	1831145	1831545
chr1	1837831	1838231
chr1	1840293	1840693
chr1	1842859	1843259
chr1	1843534	1843934
chr1	1848222	1848622
chr1	1848713	1849113
chr1	1850017	1850417
chr1	1851218	1851618
chr1	1855161	1855561
chr1	1858838	1859238
chr1	1859458	1859858
chr1	1861256	1861656
chr1	1863573	1863973
chr1	1870277	1870677
chr1	1871778	1872178
chr1	1874628	1875028
chr1	1875260	1875660
chr1	1876258	1876658
chr1	1877304	1877704
chr1	1880220	1880620
chr1	1881277	1881677
chr1	1882772	1883172
chr1	1883652	1884052
chr1	1885563	1885963
chr1	1888795	1889195
chr1	1889857	1890257
chr1	1892305	1892705
chr1	1895973	1896373
chr1	1900569	1900969
chr1	1902929	1903329
chr1	1903493	1903893
chr1	1907607	1908007
chr1	1909865	1910265
chr1	1911939	1912339
chr1	1914792	1915192
chr1	1918365	1918765
chr1	1920208	1920608
chr1	1921010	1921410
chr1	1921541	1921941
chr1	1922159	1922559
chr1	1923094	1923494
chr1	1924024	1924424
chr1	1924464	1924864
chr1	1929387	1929787
chr1	1931066	1931466
chr1	1932330	1932730
chr1	1941929	1942329
chr1	1944237	1944637
chr1	1949230	1949630
chr1	1950731	1951131
chr1	1951445	1951845
chr1	1951910	1952310
chr1	1952435	1952835
chr1	1954950	1955350
chr1	1955857	1956257
chr1	1956873	1957273
chr1	1957356	1957756
chr1	1959520	1959920
chr1	1961740	1962140
chr1	1963728	1964128
chr1	1969795	1970195
chr1	1970478	1970878
chr1	1971513	1971913
chr1	1972167	1972567
chr1	1972801	1973201
chr1	1973586	1973986
chr1	1975548	1975948
chr1	1976287	1976687
chr1	1978850	1979250
chr1	1980770	1981170
chr1	1981748	1982148
chr1	1984182	1984582
chr1	1985726	1986126
chr1	1987690	1988090
chr1	1989109	1989509
chr1	1990379	1990779
chr1	1995168	1995568
chr1	1996475	1996875
chr1	1997524	1997924
chr1	1998363	1998763
chr1	1999129	1999529
chr1	1999845	2000245
chr1	2003338	2003738
chr1	2004879	2005279
chr1	2006752	2007152
chr1	2007712	2008112
chr1	2008714	2009114
chr1	2009140	2009540
chr1	2010812	2011212
chr1	2011259	2011659
chr1	2012288	2012688
chr1	2014787	2015187
chr1	2015260	2015660
chr1	2018254	2018654
chr1	2018879	2019279
chr1	2023977	2024377
chr1	2025114	2025514
chr1	2027530	2027930
chr1	2028781	2029181
chr1	2029340	2029740
chr1	2030300	2030700
chr1	2032563	2032963
chr1	2035459	2035859
chr1	2035958	2036358
chr1	2041196	2041596
chr1	2041809	2042209
chr1	2042703	2043103
chr1	2044062	2044462
chr1	2044668	2045068
chr1	2052763	2053163
chr1	2053305	2053705
chr1	2056572	2056972
chr1	2057635	2058035
chr1	2058127	2058527
chr1	2059456	2059856
chr1	2060249	2060649
chr1	2062385	2062785
chr1	2063661	2064061
chr1	2065205	2065605
chr1	2070001	2070401
chr1	2070647	2071047
chr1	2073157	2073557
chr1	2073914	2074314
chr1	2076274	2076674
chr1	2079491	2079891
chr1	2080018	2080418
chr1	2080916	2081316
chr1	2081631	2082031
chr1	2082967	2083367
chr1	2084160	2084560
chr1	2084631	2085031
chr1	2086099	2086499
chr1	2088233	2088633
chr1	2088935	2089335
chr1	2091024	2091424
chr1	2093042	2093442
chr1	2094906	2095306
chr1	2096555	2096955
chr1	2097096	2097496
chr1	2098304	2098704
chr1	2099194	2099594
chr1	2101639	2102039
chr1	2102644	2103044
chr1	2104763	2105163
chr1	2108541	2108941
chr1	2110387	2110787
chr1	2115095	2115495
chr1	2116205	2116605
chr1	2117514	2117914
chr1	2118457	2118857
chr1	2119752	2120152
chr1	2121008	2121408
chr1	2122613	2123013
chr1	2123762	2124162
chr1	2126110	2126510
chr1	2127512	2127912
chr1	2128646	2129046
chr1	2129397	2129797
chr1	2130930	2131330
chr1	2131825	2132225
chr1	2133211	2133611
chr1	2141389	2141789
chr1	2142308	2142708
chr1	2147261	2147661
chr1	2148501	2148901
chr1	2149729	2150129
chr1	2153817	2154217
chr1	2156078	2156478
chr1	2157112	2157512
chr1	2157613	2158013
chr1	2164848	2165248
chr1	2165462	2165862
chr1	2167486	2167886
chr1	2170695	2171095
chr1	2173607	2174007
chr1	2176614	2177014
chr1	2177113	2177513
chr1	2178743	2179143
chr1	2179866	2180266
chr1	2180750	2181150
chr1	2181319	2181719
chr1	2187775	2188175
chr1	2188363	2188763
chr1	2189027	2189427
chr1	2191848	2192248
chr1	2192409	2192809
chr1	2198528	2198928
chr1	2202265	2202665
chr1	2202670	2203070
chr1	2203859	2204259
chr1	2204828	2205228
chr1	2206445	2206845
chr1	2209012	2209412
chr1	2213819	2214219
chr1	2216299	2216699
chr1	2216820	2217220
chr1	2217956	2218356
chr1	2219874	2220274
chr1	2220892	2221292
chr1	2222321	2222721
chr1	2223168	2223568
chr1	2225133	2225533
chr1	2226388	2226788
chr1	2230060	2230460
chr1	2232983	2233383
chr1	2234488	2234888
chr1	2239221	2239621
chr1	2244176	2244576
chr1	2245798	2246198
chr1	2246600	2247000
chr1	2247760	2248160
chr1	2252470	2252870
chr1	2253174	2253574
chr1	2254238	2254638
chr1	2255634	2256034
chr1	2260962	2261362
chr1	2267413	2267813
chr1	2267816	2268216
chr1	2273747	2274147
chr1	2274816	2275216
chr1	2275909	2276309
chr1	2276347	2276747
chr1	2277333	2277733
chr1	2278053	2278453
chr1	2279473	2279873
chr1	2280496	2280896
chr1	2283835	2284235
chr1	2286327	2286727
chr1	2290401	2290801
chr1	2291491	2291891
chr1	2294234	2294634
chr1	2296294	2296694
chr1	2296815	2297215
chr1	2297409	2297809
chr1	2298714	2299114
chr1	2299833	2300233
chr1	2300726	2301126
chr1	2303798	2304198
chr1	2305421	2305821
chr1	2306394	2306794
chr1	2309001	2309401
chr1	2309821	2310221
chr1	2313173	2313573
chr1	2313662	2314062
chr1	2315277	2315677
chr1	2315981	2316381
chr1	2316561	2316961
chr1	2317369	2317769
chr1	2318651	2319051
chr1	2319228	2319628
chr1	2321622	2322022
chr1	2322345	2322745
chr1	2324291	2324691
chr1	2329943	2330343
chr1	2335326	2335726
chr1	2337080	2337480
chr1	2340448	2340848
chr1	2341781	2342181
chr1	2343079	2343479
chr1	2344471	2344871
chr1	2348019	2348419
chr1	2348734	2349134
chr1	2349244	2349644
chr1	2350721	2351121
chr1	2357386	2357786
chr1	2363587	2363987
chr1	2367222	2367622
chr1	2367663	2368063
chr1	2369551	2369951
chr1	2374644	2375044
chr1	2379563	2379963
chr1	2382137	2382537
chr1	2383090	2383490
chr1	2387899	2388299
chr1	2388389	2388789
chr1	2388898	2389298
chr1	2389471	2389871
chr1	2396237	2396637
chr1	2398096	2398496
chr1	2398834	2399234
chr1	2401604	2402004
chr1	2404097	2404497
chr1	2404769	2405169
chr1	2405517	2405917
chr1	2405973	2406373
chr1	2407055	2407455
chr1	2407755	2408155
chr1	2409156	2409556
chr1	2412140	2412540
chr1	2413205	2413605
chr1	2414056	2414456
chr1	2417443	2417843
chr1	2418124	2418524
chr1	2419112	2419512
chr1	2420095	2420495
chr1	2420787	2421187
chr1	2421760	2422160
chr1	2422681	2423081
chr1	2423321	2423721
chr1	2425415	2425815
chr1	2431655	2432055
chr1	2436602	2437002
chr1	2438907	2439307
chr1	2442476	2442876
chr1	2444658	2445058
chr1	2445624	2446024
chr1	2446883	2447283
chr1	2448670	2449070
chr1	2450392	2450792
chr1	2451306	2451706
chr1	2454757	2455157
chr1	2455466	2455866
chr1	2457421	2457821
chr1	2458915	2459315
chr1	2459914	2460314
chr1	2461345	2461745
chr1	2462505	2462905
chr1	2465893	2466293
chr1	2466381	2466781
chr1	2467036	2467436
chr1	2467936	2468336
chr1	2468380	2468780
chr1	2469253	2469653
chr1	2470037	2470437
chr1	2472329	2472729
chr1	2476928	2477328
chr1	2478656	2479056
chr1	2479989	2480389
chr1	2480961	2481361
chr1	2487693	2488093
chr1	2488640	2489040
chr1	2489322	2489722
chr1	2492033	2492433
chr1	2494102	2494502
chr1	2499591	2499991
chr1	2502257	2502657
chr1	2508911	2509311
chr1	2510176	2510576
chr1	2510676	2511076
chr1	2513166	2513566
chr1	2514588	2514988
chr1	2516792	2517192
chr1	2517907	2518307
chr1	2518901	2519301
chr1	2519388	2519788
chr1	2524882	2525282
chr1	2525374	2525774
chr1	2526704	2527104
chr1	2529823	2530223
chr1	2530280	2530680
chr1	2530761	2531161
chr1	2531779	2532179
chr1	2532631	2533031
chr1	2533976	2534376
chr1	2534677	2535077
chr1	2536970	2537370
chr1	2538168	2538568
chr1	2542788	2543188
chr1	2543718	2544118
chr1	2545113	2545513
chr1	2545762	2546162
chr1	2549322	2549722
chr1	2550415	2550815
chr1	2552753	2553153
chr1	2556278	2556678
chr1	2562471	2562871
chr1	2565225	2565625
chr1	2569483	2569883
chr1	2570043	2570443
chr1	2574760	2575160
chr1	2579711	2580111
chr1	2581995	2582395
chr1	2586230	2586630
chr1	2588095	2588495
chr1	2589315	2589715
chr1	2589880	2590280
chr1	2591033	2591433
chr1	2593045	2593445
chr1	2593705	2594105
chr1	2594854	2595254
chr1	2595944	2596344
chr1	2597205	2597605
chr1	2597904	2598304
chr1	2599418	2599818
chr1	2599894	2600294
chr1	2602604	2603004
chr1	2605789	2606189
chr1	2612797	2613197
chr1	2613986	2614386
chr1	2614660	2615060
chr1	2619746	2620146
chr1	2620704	2621104
chr1	2622427	2622827
chr1	2624982	2625382
chr1	2626877	2627277
chr1	2628983	2629383
chr1	2635313	2635713
chr1	2639456	2639856
chr1	2640107	2640507
chr1	2641261	2641661
chr1	2642135	2642535
chr1	2642659	2643059
chr1	2643389	2643789
chr1	2643866	2644266
chr1	2646861	2647261
chr1	2649645	2650045
chr1	2650394	2650794
chr1	2651551	2651951
chr1	2653441	2653841
chr1	2656208	2656608
chr1	2657744	2658144
chr1	2659891	2660291
chr1	2663003	2663403
chr1	2663577	2663977
chr1	2664306	2664706
chr1	2670574	2670974
chr1	2671413	2671813
chr1	2673040	2673440
chr1	2673477	2673877
chr1	2674818	2675218
chr1	2675469	2675869
chr1	2676387	2676787
chr1	2678562	2678962
chr1	2679871	2680271
chr1	2680891	2681291
chr1	2684727	2685127
chr1	2685348	2685748
chr1	2686349	2686749
chr1	2690989	2691389
chr1	2694517	2694917
chr1	2696148	2696548
chr1	2697584	2697984
chr1	2704754	2705154
chr1	2706986	2707386
chr1	2709138	2709538
chr1	2711114	2711514
chr1	2714267	2714667
chr1	2715032	2715432
chr1	2718390	2718790
chr1	2718802	2719202
chr1	2720262	2720662
chr1	2720859	2721259
chr1	2727725	2728125
chr1	2730570	2730970
chr1	2730980	2731380
chr1	2739763	2740163
chr1	2740302	2740702
chr1	2741652	2742052
chr1	2745309	2745709
chr1	2746016	2746416
chr1	2749007	2749407
chr1	2750344	2750744
chr1	2751293	2751693
chr1	2752890	2753290
chr1	2754899	2755299
chr1	2756155	2756555
chr1	2756863	2757263
chr1	2757335	2757735
chr1	2758155	2758555
chr1	2758591	2758991
chr1	2760327	2760727
chr1	2761648	2762048
chr1	2766615	2767015
chr1	2767509	2767909
chr1	2769036	2769436
chr1	2770171	2770571
chr1	2772346	2772746
chr1	2772982	2773382
chr1	2773650	2774050
chr1	2774333	2774733
chr1	2775160	2775560
chr1	2778335	2778735
chr1	2781658	2782058
chr1	2784132	2784532
chr1	2788122	2788522
chr1	2789685	2790085
chr1	2793673	2794073
chr1	2794861	2795261
chr1	2795403	2795803
chr1	2796938	2797338
chr1	2797638	2798038
chr1	2798995	2799395
chr1	2804117	2804517
chr1	2807327	2807727
chr1	2807887	2808287
chr1	2809077	2809477
chr1	2810235	2810635
chr1	2812117	2812517
chr1	2816434	2816834
chr1	2817095	2817495
chr1	2817498	2817898
chr1	2819228	2819628
chr1	2821418	2821818
chr1	2821844	2822244
chr1	2822448	2822848
chr1	2823997	2824397
chr1	2824621	2825021
chr1	2825095	2825495
chr1	2826105	2826505
chr1	2826722	2827122
chr1	2827492	2827892
chr1	2828471	2828871
chr1	2829138	2829538
chr1	2832762	2833162
chr1	2833546	2833946
chr1	2835734	2836134
chr1	2836255	2836655
chr1	2836700	2837100
chr1	2837240	2837640
chr1	2838055	2838455
chr1	2838644	2839044
chr1	2839545	2839945
chr1	2845151	2845551
chr1	2847039	2847439
chr1	2849730	2850130
chr1	2854002	2854402
chr1	2854447	2854847
chr1	2854953	2855353
chr1	2855900	2856300
chr1	2856562	2856962
chr1	2857385	2857785
chr1	2861642	2862042
chr1	2862598	2862998
chr1	2863229	2863629
chr1	2863856	2864256
chr1	2872167	2872567
chr1	2876115	2876515
chr1	2879531	2879931
chr1	2880153	2880553
chr1	2882395	2882795
chr1	2884485	2884885
chr1	2886970	2887370
chr1	2887643	2888043
chr1	2888141	2888541
chr1	2889088	2889488
chr1	2889781	2890181
chr1	2890269	2890669
chr1	2893830	2894230
chr1	2899083	2899483
chr1	2902568	2902968
chr1	2903340	2903740
chr1	2904429	2904829
chr1	2905793	2906193
chr1	2909261	2909661
chr1	2913536	2913936
chr1	2915473	2915873
chr1	2916692	2917092
chr1	2919667	2920067
chr1	2920267	2920667
chr1	2924397	2924797
chr1	2927980	2928380
chr1	2928422	2928822
chr1	2929170	2929570
chr1	2931676	2932076
chr1	2932111	2932511
chr1	2934065	2934465
chr1	2936036	2936436
chr1	2936893	2937293
chr1	2938020	2938420
chr1	2938825	2939225
chr1	2941027	2941427
chr1	2942956	2943356
chr1	2945075	2945475
chr1	2945646	2946046
chr1	2946492	2946892
chr1	2952179	2952579
chr1	2953481	2953881
chr1	2954509	2954909
chr1	2954933	2955333
chr1	2957286	2957686
chr1	2960404	2960804
chr1	2960815	2961215
chr1	2969474	2969874
chr1	2973725	2974125
chr1	2977794	2978194
chr1	2979389	2979789
chr1	2980693	2981093
chr1	2981928	2982328
chr1	2983451	2983851
chr1	2985338	2985738
chr1	2986746	2987146
chr1	2987566	2987966
chr1	2988457	2988857
chr1	2989705	2990105
chr1	2992461	2992861
chr1	2993191	2993591
chr1	2994539	2994939
chr1	2996159	2996559
chr1	2996870	2997270
chr1	2997695	2998095
chr1	2998623	2999023
chr1	3001230	3001630
chr1	3002065	3002465
chr1	3004978	3005378
chr1	3005444	3005844
chr1	3006515	3006915
chr1	3007246	3007646
chr1	3007913	3008313
chr1	3009648	3010048
chr1	3011282	3011682
chr1	3012079	3012479
chr1	3016801	3017201
chr1	3017876	3018276
chr1	3019117	3019517
chr1	3021992	3022392
chr1	3024183	3024583
chr1	3026423	3026823
chr1	3028270	3028670
chr1	3029097	3029497
chr1	3029599	3029999
chr1	3030519	3030919
chr1	3031645	3032045
chr1	3033302	3033702
chr1	3035723	3036123
chr1	3036429	3036829
chr1	3038175	3038575
chr1	3040146	3040546
chr1	3040819	3041219
chr1	3041668	3042068
chr1	3043662	3044062
chr1	3045087	3045487
chr1	3047312	3047712
chr1	3050165	3050565
chr1	3050602	3051002
chr1	3051048	3051448
chr1	3052864	3053264
chr1	3056204	3056604
chr1	3058378	3058778
chr1	3063521	3063921
chr1	3065297	3065697
chr1	3067688	3068088
chr1	3070590	3070990
chr1	3073275	3073675
chr1	3075095	3075495
chr1	3085888	3086288
chr1	3090553	3090953
chr1	3091333	3091733
chr1	3091970	3092370
chr1	3092650	3093050
chr1	3093248	3093648
chr1	3097491	3097891
chr1	3099309	3099709
chr1	3099764	3100164
chr1	3101090	3101490
chr1	3103307	3103707
chr1	3104884	3105284
chr1	3106733	3107133
chr1	3107837	3108237
chr1	3108843	3109243
chr1	3110643	3111043
chr1	3112391	3112791
chr1	3118975	3119375
chr1	3120743	3121143
chr1	3121527	3121927
chr1	3122993	3123393
chr1	3124946	3125346
chr1	3125952	3126352
chr1	3127714	3128114
chr1	3129610	3130010
chr1	3130266	3130666
chr1	3134610	3135010
chr1	3135210	3135610
chr1	3138181	3138581
chr1	3140593	3140993
chr1	3142641	3143041
chr1	3143401	3143801
chr1	3151276	3151676
chr1	3151849	3152249
chr1	3153616	3154016
chr1	3155566	3155966
chr1	3158814	3159214
chr1	3161085	3161485
chr1	3161938	3162338
chr1	3163311	3163711
chr1	3164939	3165339
chr1	3165990	3166390
chr1	3167424	3167824
chr1	3168104	3168504
chr1	3172064	3172464
chr1	3172671	3173071
chr1	3173593	3173993
chr1	3174330	3174730
chr1	3180501	3180901
chr1	3182733	3183133
chr1	3186571	3186971
chr1	3187426	3187826
chr1	3189235	3189635
chr1	3190036	3190436
chr1	3191028	3191428
chr1	3195451	3195851
chr1	3196371	3196771
chr1	3198075	3198475
chr1	3198729	3199129
chr1	3201667	3202067
chr1	3203539	3203939
chr1	3205494	3205894
chr1	3207348	3207748
chr1	3208386	3208786
chr1	3210272	3210672
chr1	3210673	3211073
chr1	3211193	3211593
chr1	3212122	3212522
chr1	3215012	3215412
chr1	3215827	3216227
chr1	3217700	3218100
chr1	3218230	3218630
chr1	3219107	3219507
chr1	3223731	3224131
chr1	3226360	3226760
chr1	3228689	3229089
chr1	3229949	3230349
chr1	3230598	3230998
chr1	3231574	3231974
chr1	3232506	3232906
chr1	3234014	3234414
chr1	3235049	3235449
chr1	3237855	3238255
chr1	3244507	3244907
chr1	3245699	3246099
chr1	3249841	3250241
chr1	3250522	3250922
chr1	3251268	3251668
chr1	3253329	3253729
chr1	3254059	3254459
chr1	3257431	3257831
chr1	3260720	3261120
chr1	3262122	3262522
chr1	3267041	3267441
chr1	3268471	3268871
chr1	3268892	3269292
chr1	3274829	3275229
chr1	3276569	3276969
chr1	3277521	3277921
chr1	3278211	3278611
chr1	3279015	3279415
chr1	3280666	3281066
chr1	3283198	3283598
chr1	3286507	3286907
chr1	3287847	3288247
chr1	3288633	3289033
chr1	3289869	3290269
chr1	3290309	3290709
chr1	3291996	3292396
chr1	3293621	3294021
chr1	3294547	3294947
chr1	3295893	3296293
chr1	3297632	3298032
chr1	3298741	3299141
chr1	3299266	3299666
chr1	3300073	3300473
chr1	3301728	3302128
chr1	3303513	3303913
chr1	3308769	3309169
chr1	3315278	3315678
chr1	3316203	3316603
chr1	3319210	3319610
chr1	3319840	3320240
chr1	3321183	3321583
chr1	3323100	3323500
chr1	3323889	3324289
chr1	3324999	3325399
chr1	3327376	3327776
chr1	3329085	3329485
chr1	3330143	3330543
chr1	3330903	3331303
chr1	3331421	3331821
chr1	3334404	3334804
chr1	3335165	3335565
chr1	3336847	3337247
chr1	3338395	3338795
chr1	3339344	3339744
chr1	3341281	3341681
chr1	3347960	3348360
chr1	3348595	3348995
chr1	3356452	3356852
chr1	3359499	3359899
chr1	3365716	3366116
chr1	3366420	3366820
chr1	3367179	3367579
chr1	3370532	3370932
chr1	3371757	3372157
chr1	3373627	3374027
chr1	3374302	3374702
chr1	3382357	3382757
chr1	3384033	3384433
chr1	3387257	3387657
chr1	3393913	3394313
chr1	3394546	3394946
chr1	3394984	3395384
chr1	3397175	3397575
chr1	3401756	3402156
chr1	3403784	3404184
chr1	3407075	3407475
chr1	3408213	3408613
chr1	3409285	3409685
chr1	3410089	3410489
chr1	3411002	3411402
chr1	3411700	3412100
chr1	3412945	3413345
chr1	3414085	3414485
chr1	3417198	3417598
chr1	3417804	3418204
chr1	3418737	3419137
chr1	3419319	3419719
chr1	3421308	3421708
chr1	3422790	3423190
chr1	3424067	3424467
chr1	3424545	3424945
chr1	3425845	3426245
chr1	3427817	3428217
chr1	3429547	3429947
chr1	3432029	3432429
chr1	3433025	3433425
chr1	3437668	3438068
chr1	3439674	3440074
chr1	3442310	3442710
chr1	3443310	3443710
chr1	3444513	3444913
chr1	3445218	3445618
chr1	3446346	3446746
chr1	3447381	3447781
chr1	3448765	3449165
chr1	3449494	3449894
chr1	3452850	3453250
chr1	3454265	3454665
chr1	3458004	3458404
chr1	3458687	3459087
chr1	3460629	3461029
chr1	3465134	3465534
chr1	3468717	3469117
chr1	3472715	3473115
chr1	3475842	3476242
chr1	3477126	3477526
chr1	3477980	3478380
chr1	3479423	3479823
chr1	3481577	3481977
chr1	3484415	3484815
chr1	3485639	3486039
chr1	3490570	3490970
chr1	3491881	3492281
chr1	3492543	3492943
chr1	3493232	3493632
chr1	3494825	3495225
chr1	3495415	3495815
chr1	3495969	3496369
chr1	3498576	3498976
chr1	3499608	3500008
chr1	3500714	3501114
chr1	3501483	3501883
chr1	3503857	3504257
chr1	3504566	3504966
chr1	3506668	3507068
chr1	3513767	3514167
chr1	3515412	3515812
chr1	3516157	3516557
chr1	3517268	3517668
chr1	3517723	3518123
chr1	3519198	3519598
chr1	3520053	3520453
chr1	3521400	3521800
chr1	3522824	3523224
chr1	3523824	3524224
chr1	3525099	3525499
chr1	3525648	3526048
chr1	3526066	3526466
chr1	3529614	3530014
chr1	3531831	3532231
chr1	3532572	3532972
chr1	3533681	3534081
chr1	3534295	3534695
chr1	3540220	3540620
chr1	3540949	3541349
chr1	3541390	3541790
chr1	3542063	3542463
chr1	3542505	3542905
chr1	3542930	3543330
chr1	3543422	3543822
chr1	3543852	3544252
chr1	3547079	3547479
chr1	3549287	3549687
chr1	3549707	3550107
chr1	3551679	3552079
chr1	3553186	3553586
chr1	3554546	3554946
chr1	3556252	3556652
chr1	3556992	3557392
chr1	3559025	3559425
chr1	3560411	3560811
chr1	3562177	3562577
chr1	3564400	3564800
chr1	3565140	3565540
chr1	3567848	3568248
chr1	3568939	3569339
chr1	3569394	3569794
chr1	3570579	3570979
chr1	3573023	3573423
chr1	3574121	3574521
chr1	3577921	3578321
chr1	3580641	3581041
chr1	3581234	3581634
chr1	3581851	3582251
chr1	3582957	3583357
chr1	3584934	3585334
chr1	3592715	3593115
chr1	3595629	3596029
chr1	3596269	3596669
chr1	3598214	3598614
chr1	3599335	3599735
chr1	3600591	3600991
chr1	3601708	3602108
chr1	3603155	3603555
chr1	3603860	3604260
chr1	3611621	3612021
chr1	3617404	3617804
chr1	3619142	3619542
chr1	3619792	3620192
chr1	3621096	3621496
chr1	3623546	3623946
chr1	3627645	3628045
chr1	3628872	3629272
chr1	3629960	3630360
chr1	3633203	3633603
chr1	3633874	3634274
chr1	3634941	3635341
chr1	3637054	3637454
chr1	3643465	3643865
chr1	3645080	3645480
chr1	3646580	3646980
chr1	3654003	3654403
chr1	3656123	3656523
chr1	3660719	3661119
chr1	3662103	3662503
chr1	3662580	3662980
chr1	3663038	3663438
chr1	3668950	3669350
chr1	3670509	3670909
chr1	3671375	3671775
chr1	3672762	3673162
chr1	3674306	3674706
chr1	3676380	3676780
chr1	3678530	3678930
chr1	3682301	3682701
chr1	3687092	3687492
chr1	3688721	3689121
chr1	3690856	3691256
chr1	3692784	3693184
chr1	3694072	3694472
chr1	3696191	3696591
chr1	3697937	3698337
chr1	3700668	3701068
chr1	3701445	3701845
chr1	3704487	3704887
chr1	3705119	3705519
chr1	3706319	3706719
chr1	3707914	3708314
chr1	3710219	3710619
chr1	3711410	3711810
chr1	3712716	3713116
chr1	3714079	3714479
chr1	3714686	3715086
chr1	3716154	3716554
chr1	3721779	3722179
chr1	3723902	3724302
chr1	3726145	3726545
chr1	3738010	3738410
chr1	3740745	3741145
chr1	3744319	3744719
chr1	3744851	3745251
chr1	3748827	3749227
chr1	3749587	3749987
chr1	3750314	3750714
chr1	3751322	3751722
chr1	3753465	3753865
chr1	3756314	3756714
chr1	3756819	3757219
chr1	3757505	3757905
chr1	3758002	3758402
chr1	3759341	3759741
chr1	3760272	3760672
chr1	3762109	3762509
chr1	3763862	3764262
chr1	3764386	3764786
chr1	3767600	3768000
chr1	3768839	3769239
chr1	3771458	3771858
chr1	3772448	3772848
chr1	3774731	3775131
chr1	3775971	3776371
chr1	3777251	3777651
chr1	3780784	3781184
chr1	3781712	3782112
chr1	3782747	3783147
chr1	3785602	3786002
chr1	3786714	3787114
chr1	3789474	3789874
chr1	3790729	3791129
chr1	3793287	3793687
chr1	3793958	3794358
chr1	3795506	3795906
chr1	3796589	3796989
chr1	3799119	3799519
chr1	3801493	3801893
chr1	3806058	3806458
chr1	3806659	3807059
chr1	3807899	3808299
chr1	3809288	3809688
chr1	3812997	3813397
chr1	3815016	3815416
chr1	3816717	3817117
chr1	3819820	3820220
chr1	3821666	3822066
chr1	3823015	3823415
chr1	3825510	3825910
chr1	3829516	3829916
chr1	3831835	3832235
chr1	3833059	3833459
chr1	3833522	3833922
chr1	3833940	3834340
chr1	3834457	3834857
chr1	3836512	3836912
chr1	3837716	3838116
chr1	3838450	3838850
chr1	3840511	3840911
chr1	3843661	3844061
chr1	3845541	3845941
chr1	3846550	3846950
chr1	3847410	3847810
chr1	3849939	3850339
chr1	3851875	3852275
chr1	3852454	3852854
chr1	3854411	3854811
chr1	3855060	3855460
chr1	3858559	3858959
chr1	3860218	3860618
chr1	3862878	3863278
chr1	3863648	3864048
chr1	3864157	3864557
chr1	3866863	3867263
chr1	3870209	3870609
chr1	3871070	3871470
chr1	3873824	3874224
chr1	3876471	3876871
chr1	3877209	3877609
chr1	3877842	3878242
chr1	3878643	3879043
chr1	3880737	3881137
chr1	3884875	3885275
chr1	3888158	3888558
chr1	3897544	3897944
chr1	3898463	3898863
chr1	3900348	3900748
chr1	3901615	3902015
chr1	3906445	3906845
chr1	3906874	3907274
chr1	3908290	3908690
chr1	3911853	3912253
chr1	3915184	3915584
chr1	3921411	3921811
chr1	3922402	3922802
chr1	3922847	3923247
chr1	3923863	3924263
chr1	3925304	3925704
chr1	3928348	3928748
chr1	3930018	3930418
chr1	3930557	3930957
chr1	3932493	3932893
chr1	3932963	3933363
chr1	3933472	3933872
chr1	3935810	3936210
chr1	3936508	3936908
chr1	3939813	3940213
chr1	3940217	3940617
chr1	3940716	3941116
chr1	3942197	3942597
chr1	3945327	3945727
chr1	3948012	3948412
chr1	3950068	3950468
chr1	3950638	3951038
chr1	3954386	3954786
chr1	3957740	3958140
chr1	3958207	3958607
chr1	3958776	3959176
chr1	3959278	3959678
chr1	3961129	3961529
chr1	3961786	3962186
chr1	3962638	3963038
chr1	3963141	3963541
chr1	3965645	3966045
chr1	3967898	3968298
chr1	3968677	3969077
chr1	3974125	3974525
chr1	3975542	3975942
chr1	3980595	3980995
chr1	3981177	3981577
chr1	3984542	3984942
chr1	3987104	3987504
chr1	3989959	3990359
chr1	3991141	3991541
chr1	3992122	3992522
chr1	3993834	3994234
chr1	3994544	3994944
chr1	3996222	3996622
chr1	3998726	3999126
chr1	4000054	4000454
chr1	4001181	4001581
chr1	4003444	4003844
chr1	4005004	4005404
chr1	4006957	4007357
chr1	4010026	4010426
chr1	4014006	4014406
chr1	4015837	4016237
chr1	4016594	4016994
chr1	4024731	4025131
chr1	4028510	4028910
chr1	4036860	4037260
chr1	4037780	4038180
chr1	4039890	4040290
chr1	4040683	4041083
chr1	4042063	4042463
chr1	4048573	4048973
chr1	4053036	4053436
chr1	4054396	4054796
chr1	4055127	4055527
chr1	4057567	4057967
chr1	4060261	4060661
chr1	4062861	4063261
chr1	4063797	4064197
chr1	4066889	4067289
chr1	4069356	4069756
chr1	4072455	4072855
chr1	4073791	4074191
chr1	4074579	4074979
chr1	4076363	4076763
chr1	4080817	4081217
chr1	4083154	4083554
chr1	4087082	4087482
chr1	4087656	4088056
chr1	4091950	4092350
chr1	4094420	4094820
chr1	4098016	4098416
chr1	4099229	4099629
chr1	4101327	4101727
chr1	4101775	4102175
chr1	4102802	4103202
chr1	4104845	4105245
chr1	4105603	4106003
chr1	4107850	4108250
chr1	4108649	4109049
chr1	4109803	4110203
chr1	4112044	4112444
chr1	4115728	4116128
chr1	4119519	4119919
chr1	4126900	4127300
chr1	4127811	4128211
chr1	4130218	4130618
chr1	4130622	4131022
chr1	4132482	4132882
chr1	4134634	4135034
chr1	4137070	4137470
chr1	4140817	4141217
chr1	4141548	4141948
chr1	4146850	4147250
chr1	4148719	4149119
chr1	4151360	4151760
chr1	4152166	4152566
chr1	4153981	4154381
chr1	4155331	4155731
chr1	4155881	4156281
chr1	4158550	4158950
chr1	4159230	4159630
chr1	4159828	4160228
chr1	4160311	4160711
chr1	4161322	4161722
chr1	4162721	4163121
chr1	4165754	4166154
chr1	4167378	4167778
chr1	4169727	4170127
chr1	4172137	4172537
chr1	4177383	4177783
chr1	4178150	4178550
chr1	4178941	4179341
chr1	4179349	4179749
chr1	4180726	4181126
chr1	4182640	4183040
chr1	4183378	4183778
chr1	4185148	4185548
chr1	4186780	4187180
chr1	4187667	4188067
chr1	4193635	4194035
chr1	4195326	4195726
chr1	4195772	4196172
chr1	4197609	4198009
chr1	4201087	4201487
chr1	4202362	4202762
chr1	4206110	4206510
chr1	4207842	4208242
chr1	4209289	4209689
chr1	4210172	4210572
chr1	4212276	4212676
chr1	4213597	4213997
chr1	4214073	4214473
chr1	4216279	4216679
chr1	4219403	4219803
chr1	4221558	4221958
chr1	4221963	4222363
chr1	4222492	4222892
chr1	4222977	4223377
chr1	4223822	4224222
chr1	4224680	4225080
chr1	4227858	4228258
chr1	4230693	4231093
chr1	4231325	4231725
chr1	4236464	4236864
chr1	4237215	4237615
chr1	4240324	4240724
chr1	4241149	4241549
chr1	4244311	4244711
chr1	4247679	4248079
chr1	4252097	4252497
chr1	4253014	4253414
chr1	4254236	4254636
chr1	4255511	4255911
chr1	4257186	4257586
chr1	4259431	4259831
chr1	4261090	4261490
chr1	4261590	4261990
chr1	4262165	4262565
chr1	4262854	4263254
chr1	4267658	4268058
chr1	4268309	4268709
chr1	4269126	4269526
chr1	4270015	4270415
chr1	4270622	4271022
chr1	4271817	4272217
chr1	4273832	4274232
chr1	4275303	4275703
chr1	4276484	4276884
chr1	4276987	4277387
chr1	4278782	4279182
chr1	4281021	4281421
chr1	4282810	4283210
chr1	4283602	4284002
chr1	4285603	4286003
chr1	4286005	4286405
chr1	4286715	4287115
chr1	4287566	4287966
chr1	4288359	4288759
chr1	4294228	4294628
chr1	4295183	4295583
chr1	4299801	4300201
chr1	4301039	4301439
chr1	4304259	4304659
chr1	4304743	4305143
chr1	4306049	4306449
chr1	4309911	4310311
chr1	4311069	4311469
chr1	4315765	4316165
chr1	4316931	4317331
chr1	4318575	4318975
chr1	4319413	4319813
chr1	4324264	4324664
chr1	4325645	4326045
chr1	4326653	4327053
chr1	4328874	4329274
chr1	4330549	4330949
chr1	4331766	4332166
chr1	4332994	4333394
chr1	4335904	4336304
chr1	4337712	4338112
chr1	4338482	4338882
chr1	4340757	4341157
chr1	4347469	4347869
chr1	4347883	4348283
chr1	4348437	4348837
chr1	4349983	4350383
chr1	4351040	4351440
chr1	4354768	4355168
chr1	4357626	4358026
chr1	4360949	4361349
chr1	4362720	4363120
chr1	4363392	4363792
chr1	4365403	4365803
chr1	4365879	4366279
chr1	4366305	4366705
chr1	4370422	4370822
chr1	4371396	4371796
chr1	4375479	4375879
chr1	4375938	4376338
chr1	4377077	4377477
chr1	4378130	4378530
chr1	4378621	4379021
chr1	4379880	4380280
chr1	4380348	4380748
chr1	4384437	4384837
chr1	4385546	4385946
chr1	4389333	4389733
chr1	4391884	4392284
chr1	4395258	4395658
chr1	4397194	4397594
chr1	4399092	4399492
chr1	4401661	4402061
chr1	4402811	4403211
chr1	4403270	4403670
chr1	4403769	4404169
chr1	4405088	4405488
chr1	4407220	4407620
chr1	4408982	4409382
chr1	4409917	4410317
chr1	4410494	4410894
chr1	4411363	4411763
chr1	4413724	4414124
chr1	4414811	4415211
chr1	4416396	4416796
chr1	4417135	4417535
chr1	4422075	4422475
chr1	4425995	4426395
chr1	4427122	4427522
chr1	4431257	4431657
chr1	4435042	4435442
chr1	4435458	4435858
chr1	4437732	4438132
chr1	4440394	4440794
chr1	4444676	4445076
chr1	4447334	4447734
chr1	4449472	4449872
chr1	4450033	4450433
chr1	4452783	4453183
chr1	4454658	4455058
chr1	4456484	4456884
chr1	4459359	4459759
chr1	4464364	4464764
chr1	4465632	4466032
chr1	4468168	4468568
chr1	4469385	4469785
chr1	4469829	4470229
chr1	4471362	4471762
chr1	4472855	4473255
chr1	4474305	4474705
chr1	4479354	4479754
chr1	4479933	4480333
chr1	4480882	4481282
chr1	4481933	4482333
chr1	4484542	4484942
chr1	4485771	4486171
chr1	4486571	4486971
chr1	4490120	4490520
chr1	4491168	4491568
chr1	4491752	4492152
chr1	4494024	4494424
chr1	4495903	4496303
chr1	4497936	4498336
chr1	4499125	4499525
chr1	4504493	4504893
chr1	4506954	4507354
chr1	4514794	4515194
chr1	4517421	4517821
chr1	4518309	4518709
chr1	4521216	4521616
chr1	4522346	4522746
chr1	4523129	4523529
chr1	4525267	4525667
chr1	4525849	4526249
chr1	4527214	4527614
chr1	4530655	4531055
chr1	4534249	4534649
chr1	4534916	4535316
chr1	4536476	4536876
chr1	4537570	4537970
chr1	4543865	4544265
chr1	4544768	4545168
chr1	4548551	4548951
chr1	4549632	4550032
chr1	4553212	4553612
chr1	4554433	4554833
chr1	4554859	4555259
chr1	4555529	4555929
chr1	4557179	4557579
chr1	4557591	4557991
chr1	4558256	4558656
chr1	4559334	4559734
chr1	4560928	4561328
chr1	4564091	4564491
chr1	4569496	4569896
chr1	4570263	4570663
chr1	4570834	4571234
chr1	4572721	4573121
chr1	4573593	4573993
chr1	4574671	4575071
chr1	4576573	4576973
chr1	4581573	4581973
chr1	4582925	4583325
chr1	4586363	4586763
chr1	4587637	4588037
chr1	4591450	4591850
chr1	4598202	4598602
chr1	4599387	4599787
chr1	4601042	4601442
chr1	4601571	4601971
chr1	4602656	4603056
chr1	4603658	4604058
chr1	4604580	4604980
chr1	4608348	4608748
chr1	4609757	4610157
chr1	4611161	4611561
chr1	4611644	4612044
chr1	4613270	4613670
chr1	4614551	4614951
chr1	4616463	4616863
chr1	4616956	4617356
chr1	4617470	4617870
chr1	4620844	4621244
chr1	4626391	4626791
chr1	4628147	4628547
chr1	4629896	4630296
chr1	4633496	4633896
chr1	4633980	4634380
chr1	4640108	4640508
chr1	4642125	4642525
chr1	4644455	4644855
chr1	4645201	4645601
chr1	4645608	4646008
chr1	4646459	4646859
chr1	4647312	4647712
chr1	4648437	4648837
chr1	4649535	4649935
chr1	4649967	4650367
chr1	4653250	4653650
chr1	4655664	4656064
chr1	4660883	4661283
chr1	4662206	4662606
chr1	4663908	4664308
chr1	4665256	4665656
chr1	4668623	4669023
chr1	4671887	4672287
chr1	4674293	4674693
chr1	4674995	4675395
chr1	4675462	4675862
chr1	4677168	4677568
chr1	4681384	4681784
chr1	4682311	4682711
chr1	4683153	4683553
chr1	4684002	4684402
chr1	4686801	4687201
chr1	4690759	4691159
chr1	4691185	4691585
chr1	4692447	4692847
chr1	4693124	4693524
chr1	4694760	4695160
chr1	4696769	4697169
chr1	4697591	4697991
chr1	4698367	4698767
chr1	4700404	4700804
chr1	4702480	4702880
chr1	4703801	4704201
chr1	4707197	4707597
chr1	4707598	4707998
chr1	4709253	4709653
chr1	4709760	4710160
chr1	4712968	4713368
chr1	4713511	4713911
chr1	4714677	4715077
chr1	4715119	4715519
chr1	4715569	4715969
chr1	4716307	4716707
chr1	4719827	4720227
chr1	4720899	4721299
chr1	4722536	4722936
chr1	4723300	4723700
chr1	4724233	4724633
chr1	4724651	4725051
chr1	4725592	4725992
chr1	4729037	4729437
chr1	4730736	4731136
chr1	4731892	4732292
chr1	4733271	4733671
chr1	4734712	4735112
chr1	4737067	4737467
chr1	4738226	4738626
chr1	4740075	4740475
chr1	4741962	4742362
chr1	4742720	4743120
chr1	4745235	4745635
chr1	4747262	4747662
chr1	4747868	4748268
chr1	4749014	4749414
chr1	4752051	4752451
chr1	4753361	4753761
chr1	4754266	4754666
chr1	4757913	4758313
chr1	4760250	4760650
chr1	4767017	4767417
chr1	4768443	4768843
chr1	4769471	4769871
chr1	4771185	4771585
chr1	4771682	4772082
chr1	4773353	4773753
chr1	4774351	4774751
chr1	4777459	4777859
chr1	4778878	4779278
chr1	4780412	4780812
chr1	4781047	4781447
chr1	4781973	4782373
chr1	4784614	4785014
chr1	4785435	4785835
chr1	4786025	4786425
chr1	4787863	4788263
chr1	4789357	4789757
chr1	4789930	4790330
chr1	4793746	4794146
chr1	4794351	4794751
chr1	4796347	4796747
chr1	4797424	4797824
chr1	4798786	4799186
chr1	4801336	4801736
chr1	4804587	4804987
chr1	4805160	4805560
chr1	4808082	4808482
chr1	4808962	4809362
chr1	4810322	4810722
chr1	4812746	4813146
chr1	4813871	4814271
chr1	4815234	4815634
chr1	4817356	4817756
chr1	4818884	4819284
chr1	4819398	4819798
chr1	4823081	4823481
chr1	4825508	4825908
chr1	4827919	4828319
chr1	4828608	4829008
chr1	4829221	4829621
chr1	4832663	4833063
chr1	4833999	4834399
chr1	4834931	4835331
chr1	4838322	4838722
chr1	4841098	4841498
chr1	4842206	4842606
chr1	4842666	4843066
chr1	4844339	4844739
chr1	4845732	4846132
chr1	4847809	4848209
chr1	4849198	4849598
chr1	4852220	4852620
chr1	4853421	4853821
chr1	4853881	4854281
chr1	4857121	4857521
chr1	4858281	4858681
chr1	4860011	4860411
chr1	4860692	4861092
chr1	4874597	4874997
chr1	4875844	4876244
chr1	4876308	4876708
chr1	4880113	4880513
chr1	4880648	4881048
chr1	4881799	4882199
chr1	4884745	4885145
chr1	4885901	4886301
chr1	4888956	4889356
chr1	4890441	4890841
chr1	4891915	4892315
chr1	4893703	4894103
chr1	4895657	4896057
chr1	4902239	4902639
chr1	4904578	4904978
chr1	4906905	4907305
chr1	4908095	4908495
chr1	4911894	4912294
chr1	4914727	4915127
chr1	4916322	4916722
chr1	4916845	4917245
chr1	4917557	4917957
chr1	4919931	4920331
chr1	4921139	4921539
chr1	4922583	4922983
chr1	4925530	4925930
chr1	4925988	4926388
chr1	4927572	4927972
chr1	4929031	4929431
chr1	4929677	4930077
chr1	4932748	4933148
chr1	4933586	4933986
chr1	4935072	4935472
chr1	4935549	4935949
chr1	4937190	4937590
chr1	4938601	4939001
chr1	4940561	4940961
chr1	4940997	4941397
chr1	4941558	4941958
chr1	4944262	4944662
chr1	4945194	4945594
chr1	4946812	4947212
chr1	4947731	4948131
chr1	4949302	4949702
chr1	4949952	4950352
chr1	4955604	4956004
chr1	4961468	4961868
chr1	4961986	4962386
chr1	4963122	4963522
chr1	4965395	4965795
chr1	4969363	4969763
chr1	4969812	4970212
chr1	4970878	4971278
chr1	4977655	4978055
chr1	4978321	4978721
chr1	4980108	4980508
chr1	4981169	4981569
chr1	4982207	4982607
chr1	4983649	4984049
chr1	4985368	4985768
chr1	4986816	4987216
chr1	4987663	4988063
chr1	4988723	4989123
chr1	4989175	4989575
chr1	4995458	4995858
chr1	5001683	5002083
chr1	5002603	5003003
chr1	5008591	5008991
chr1	5009607	5010007
chr1	5010305	5010705
chr1	5011387	5011787
chr1	5014389	5014789
chr1	5019154	5019554
chr1	5019654	5020054
chr1	5020220	5020620
chr1	5020944	5021344
chr1	5023095	5023495
chr1	5025039	5025439
chr1	5025440	5025840
chr1	5025979	5026379
chr1	5027099	5027499
chr1	5033018	5033418
chr1	5033952	5034352
chr1	5035879	5036279
chr1	5036535	5036935
chr1	5037040	5037440
chr1	5037914	5038314
chr1	5043785	5044185
chr1	5045423	5045823
chr1	5046784	5047184
chr1	5050631	5051031
chr1	5051543	5051943
chr1	5055852	5056252
chr1	5056687	5057087
chr1	5058603	5059003
chr1	5061368	5061768
chr1	5062138	5062538
chr1	5064497	5064897
chr1	5066312	5066712
chr1	5067559	5067959
chr1	5068943	5069343
chr1	5071982	5072382
chr1	5077844	5078244
chr1	5081732	5082132
chr1	5085640	5086040
chr1	5089053	5089453
chr1	5089703	5090103
chr1	5094997	5095397
chr1	5096761	5097161
chr1	5097631	5098031
chr1	5098817	5099217
chr1	5099358	5099758
chr1	5103020	5103420
chr1	5104672	5105072
chr1	5108328	5108728
chr1	5108936	5109336
chr1	5117031	5117431
chr1	5118426	5118826
chr1	5119241	5119641
chr1	5121874	5122274
chr1	5123741	5124141
chr1	5125389	5125789
chr1	5127277	5127677
chr1	5128108	5128508
chr1	5131350	5131750
chr1	5133701	5134101
chr1	5135381	5135781
chr1	5136364	5136764
chr1	5138027	5138427
chr1	5139213	5139613
chr1	5140558	5140958
chr1	5141641	5142041
chr1	5144032	5144432
chr1	5146867	5147267
chr1	5148159	5148559
chr1	5149444	5149844
chr1	5149947	5150347
chr1	5153122	5153522
chr1	5154289	5154689
chr1	5158274	5158674
chr1	5160404	5160804
chr1	5162265	5162665
chr1	5162790	5163190
chr1	5163670	5164070
chr1	5164167	5164567
chr1	5165682	5166082
chr1	5166323	5166723
chr1	5167820	5168220
chr1	5173170	5173570
chr1	5174845	5175245
chr1	5175322	5175722
chr1	5178612	5179012
chr1	5179475	5179875
chr1	5180360	5180760
chr1	5182497	5182897
chr1	5183324	5183724
chr1	5185094	5185494
chr1	5186655	5187055
chr1	5187251	5187651
chr1	5188654	5189054
chr1	5191080	5191480
chr1	5191871	5192271
chr1	5196189	5196589
chr1	5201850	5202250
chr1	5203097	5203497
chr1	5207795	5208195
chr1	5208796	5209196
chr1	5210221	5210621
chr1	5216018	5216418
chr1	5217404	5217804
chr1	5218271	5218671
chr1	5218705	5219105
chr1	5220960	5221360
chr1	5225846	5226246
chr1	5227923	5228323
chr1	5229343	5229743
chr1	5233214	5233614
chr1	5233962	5234362
chr1	5234377	5234777
chr1	5235197	5235597
chr1	5236261	5236661
chr1	5238349	5238749
chr1	5240623	5241023
chr1	5247485	5247885
chr1	5250210	5250610
chr1	5252774	5253174
chr1	5254298	5254698
chr1	5255859	5256259
chr1	5258063	5258463
chr1	5259534	5259934
chr1	5261830	5262230
chr1	5262756	5263156
chr1	5266546	5266946
chr1	5268251	5268651
chr1	5269405	5269805
chr1	5270037	5270437
chr1	5273160	5273560
chr1	5274797	5275197
chr1	5276596	5276996
chr1	5277294	5277694
chr1	5279661	5280061
chr1	5281511	5281911
chr1	5281927	5282327
chr1	5283698	5284098
chr1	5288653	5289053
chr1	5289832	5290232
chr1	5291591	5291991
chr1	5292084	5292484
chr1	5293956	5294356
chr1	5299437	5299837
chr1	5301271	5301671
chr1	5302600	5303000
chr1	5303100	5303500
chr1	5304063	5304463
chr1	5305722	5306122
chr1	5308699	5309099
chr1	5309404	5309804
chr1	5312641	5313041
chr1	5320118	5320518
chr1	5321053	5321453
chr1	5322832	5323232
chr1	5324236	5324636
chr1	5326289	5326689
chr1	5332805	5333205
chr1	5334956	5335356
chr1	5337004	5337404
chr1	5341338	5341738
chr1	5342541	5342941
chr1	5343229	5343629
chr1	5344174	5344574
chr1	5345082	5345482
chr1	5345907	5346307
chr1	5349645	5350045
chr1	5350641	5351041
chr1	5352364	5352764
chr1	5353739	5354139
chr1	5357031	5357431
chr1	5357512	5357912
chr1	5359071	5359471
chr1	5360000	5360400
chr1	5362791	5363191
chr1	5364498	5364898
chr1	5369947	5370347
chr1	5370452	5370852
chr1	5372630	5373030
chr1	5373937	5374337
chr1	5374535	5374935
chr1	5377026	5377426
chr1	5378294	5378694
chr1	5380575	5380975
chr1	5381037	5381437
chr1	5383981	5384381
chr1	5385010	5385410
chr1	5385671	5386071
chr1	5391559	5391959
chr1	5393137	5393537
chr1	5393862	5394262
chr1	5394409	5394809
chr1	5395079	5395479
chr1	5396711	5397111
chr1	5400227	5400627
chr1	5400657	5401057
chr1	5403056	5403456
chr1	5406354	5406754
chr1	5409396	5409796
chr1	5412638	5413038
chr1	5415611	5416011
chr1	5416243	5416643
chr1	5417246	5417646
chr1	5418262	5418662
chr1	5419885	5420285
chr1	5426279	5426679
chr1	5429491	5429891
chr1	5430086	5430486
chr1	5431053	5431453
chr1	5434178	5434578
chr1	5438820	5439220
chr1	5439772	5440172
chr1	5441034	5441434
chr1	5442184	5442584
chr1	5443549	5443949
chr1	5446092	5446492
chr1	5447938	5448338
chr1	5449870	5450270
chr1	5450811	5451211
chr1	5451343	5451743
chr1	5451928	5452328
chr1	5453541	5453941
chr1	5455124	5455524
chr1	5456522	5456922
chr1	5457135	5457535
chr1	5458191	5458591
chr1	5459741	5460141
chr1	5460889	5461289
chr1	5465985	5466385
chr1	5466449	5466849
chr1	5468027	5468427
chr1	5472575	5472975
chr1	5474652	5475052
chr1	5475236	5475636
chr1	5476026	5476426
chr1	5476702	5477102
chr1	5477456	5477856
chr1	5478493	5478893
chr1	5479383	5479783
chr1	5481201	5481601
chr1	5484874	5485274
chr1	5485568	5485968
chr1	5489956	5490356
chr1	5494910	5495310
chr1	5496217	5496617
chr1	5496776	5497176
chr1	5497811	5498211
chr1	5500833	5501233
chr1	5502334	5502734
chr1	5504252	5504652
chr1	5517471	5517871
chr1	5518719	5519119
chr1	5521614	5522014
chr1	5523304	5523704
chr1	5523784	5524184
chr1	5525140	5525540
chr1	5526224	5526624
chr1	5528895	5529295
chr1	5531235	5531635
chr1	5532506	5532906
chr1	5533810	5534210
chr1	5534938	5535338
chr1	5535649	5536049
chr1	5536124	5536524
chr1	5538509	5538909
chr1	5540275	5540675
chr1	5541817	5542217
chr1	5542422	5542822
chr1	5543074	5543474
chr1	5546010	5546410
chr1	5547600	5548000
chr1	5549249	5549649
chr1	5550384	5550784
chr1	5551994	5552394
chr1	5554309	5554709
chr1	5559998	5560398
chr1	5562895	5563295
chr1	5565277	5565677
chr1	5567001	5567401
chr1	5567851	5568251
chr1	5568671	5569071
chr1	5570503	5570903
chr1	5573428	5573828
chr1	5575479	5575879
chr1	5583704	5584104
chr1	5585056	5585456
chr1	5586197	5586597
chr1	5587662	5588062
chr1	5594583	5594983
chr1	5597335	5597735
chr1	5599416	5599816
chr1	5601925	5602325
chr1	5602903	5603303
chr1	5605752	5606152
chr1	5610177	5610577
chr1	5611436	5611836
chr1	5614934	5615334
chr1	5615372	5615772
chr1	5618731	5619131
chr1	5621600	5622000
chr1	5622343	5622743
chr1	5623245	5623645
chr1	5624314	5624714
chr1	5625270	5625670
chr1	5629535	5629935
chr1	5631362	5631762
chr1	5632998	5633398
chr1	5633936	5634336
chr1	5635072	5635472
chr1	5636611	5637011
chr1	5637062	5637462
chr1	5638084	5638484
chr1	5643460	5643860
chr1	5644749	5645149
chr1	5649534	5649934
chr1	5654375	5654775
chr1	5654929	5655329
chr1	5656904	5657304
chr1	5659411	5659811
chr1	5661073	5661473
chr1	5662237	5662637
chr1	5665940	5666340
chr1	5667407	5667807
chr1	5669147	5669547
chr1	5672339	5672739
chr1	5676882	5677282
chr1	5678034	5678434
chr1	5678961	5679361
chr1	5679371	5679771
chr1	5680993	5681393
chr1	5684052	5684452
chr1	5685966	5686366
chr1	5691605	5692005
chr1	5699616	5700016
chr1	5700243	5700643
chr1	5700803	5701203
chr1	5701328	5701728
chr1	5701846	5702246
chr1	5702633	5703033
chr1	5703334	5703734
chr1	5706102	5706502
chr1	5711426	5711826
chr1	5714596	5714996
chr1	5715176	5715576
chr1	5718011	5718411
chr1	5719219	5719619
chr1	5720634	5721034
chr1	5724243	5724643
chr1	5727568	5727968
chr1	5728287	5728687
chr1	5731008	5731408
chr1	5733501	5733901
chr1	5734050	5734450
chr1	5734607	5735007
chr1	5737346	5737746
chr1	5740688	5741088
chr1	5741833	5742233
chr1	5748465	5748865
chr1	5749533	5749933
chr1	5752391	5752791
chr1	5761299	5761699
chr1	5762967	5763367
chr1	5763887	5764287
chr1	5767653	5768053
chr1	5770482	5770882
chr1	5771606	5772006
chr1	5772594	5772994
chr1	5773110	5773510
chr1	5775569	5775969
chr1	5778326	5778726
chr1	5779503	5779903
chr1	5780935	5781335
chr1	5781339	5781739
chr1	5781849	5782249
chr1	5782742	5783142
chr1	5783211	5783611
chr1	5783776	5784176
chr1	5786175	5786575
chr1	5787262	5787662
chr1	5789527	5789927
chr1	5792687	5793087
chr1	5796201	5796601
chr1	5800517	5800917
chr1	5805338	5805738
chr1	5806168	5806568
chr1	5807081	5807481
chr1	5807836	5808236
chr1	5808312	5808712
chr1	5809194	5809594
chr1	5810163	5810563
chr1	5810930	5811330
chr1	5811705	5812105
chr1	5812913	5813313
chr1	5813557	5813957
chr1	5815057	5815457
chr1	5820302	5820702
chr1	5821771	5822171
chr1	5823944	5824344
chr1	5825004	5825404
chr1	5826335	5826735
chr1	5828171	5828571
chr1	5829753	5830153
chr1	5835656	5836056
chr1	5836655	5837055
chr1	5838826	5839226
chr1	5841459	5841859
chr1	5842213	5842613
chr1	5847053	5847453
chr1	5848960	5849360
chr1	5853128	5853528
chr1	5855527	5855927
chr1	5858108	5858508
chr1	5863665	5864065
chr1	5864260	5864660
chr1	5865568	5865968
chr1	5867365	5867765
chr1	5870259	5870659
chr1	5874585	5874985
chr1	5876744	5877144
chr1	5878581	5878981
chr1	5880078	5880478
chr1	5880780	5881180
chr1	5882376	5882776
chr1	5882847	5883247
chr1	5884716	5885116
chr1	5885141	5885541
chr1	5885694	5886094
chr1	5886433	5886833
chr1	5887566	5887966
chr1	5889680	5890080
chr1	5896424	5896824
chr1	5898143	5898543
chr1	5898650	5899050
chr1	5899556	5899956
chr1	5901792	5902192
chr1	5905681	5906081
chr1	5911944	5912344
chr1	5913130	5913530
chr1	5915197	5915597
chr1	5917211	5917611
chr1	5917886	5918286
chr1	5921321	5921721
chr1	5922999	5923399
chr1	5926466	5926866
chr1	5927774	5928174
chr1	5928512	5928912
chr1	5929129	5929529
chr1	5931304	5931704
chr1	5932253	5932653
chr1	5935894	5936294
chr1	5937505	5937905
chr1	5938449	5938849
chr1	5940258	5940658
chr1	5941488	5941888
chr1	5942048	5942448
chr1	5942942	5943342
chr1	5944702	5945102
chr1	5945205	5945605
chr1	5948600	5949000
chr1	5950997	5951397
chr1	5954336	5954736
chr1	5956555	5956955
chr1	5960044	5960444
chr1	5960479	5960879
chr1	5961258	5961658
chr1	5962446	5962846
chr1	5965568	5965968
chr1	5966432	5966832
chr1	5968612	5969012
chr1	5969158	5969558
chr1	5973000	5973400
chr1	5974050	5974450
chr1	5977512	5977912
chr1	5979904	5980304
chr1	5980771	5981171
chr1	5981628	5982028
chr1	5984078	5984478
chr1	5986017	5986417
chr1	5987435	5987835
chr1	5987999	5988399
chr1	5990673	5991073
chr1	5998078	5998478
chr1	6000044	6000444
chr1	6000853	6001253
chr1	6001671	6002071
chr1	6002822	6003222
chr1	6005276	6005676
chr1	6005884	6006284
chr1	6010061	6010461
chr1	6013869	6014269
chr1	6014891	6015291
chr1	6016059	6016459
chr1	6016937	6017337
chr1	6019967	6020367
chr1	6020959	6021359
chr1	6022901	6023301
chr1	6024901	6025301
chr1	6026932	6027332
chr1	6027413	6027813
chr1	6027883	6028283
chr1	6028624	6029024
chr1	6030106	6030506
chr1	6032701	6033101
chr1	6033753	6034153
chr1	6036872	6037272
chr1	6037319	6037719
chr1	6039539	6039939
chr1	6040568	6040968
chr1	6041880	6042280
chr1	6045901	6046301
chr1	6047610	6048010
chr1	6049419	6049819
chr1	6051937	6052337
chr1	6054749	6055149
chr1	6058153	6058553
chr1	6060313	6060713
chr1	6063086	6063486
chr1	6067024	6067424
chr1	6068031	6068431
chr1	6071265	6071665
chr1	6072086	6072486
chr1	6073021	6073421
chr1	6073462	6073862
chr1	6075677	6076077
chr1	6077453	6077853
chr1	6080430	6080830
chr1	6084627	6085027
chr1	6085926	6086326
chr1	6088143	6088543
chr1	6089736	6090136
chr1	6090143	6090543
chr1	6091245	6091645
chr1	6092912	6093312
chr1	6096212	6096612
chr1	6096733	6097133
chr1	6097467	6097867
chr1	6098120	6098520
chr1	6100704	6101104
chr1	6102510	6102910
chr1	6103054	6103454
chr1	6104725	6105125
chr1	6109485	6109885
chr1	6111538	6111938
chr1	6115030	6115430
chr1	6123009	6123409
chr1	6126468	6126868
chr1	6128868	6129268
chr1	6130482	6130882
chr1	6131425	6131825
chr1	6131933	6132333
chr1	6138582	6138982
chr1	6139116	6139516
chr1	6141475	6141875
chr1	6143320	6143720
chr1	6145276	6145676
chr1	6146785	6147185
chr1	6148479	6148879
chr1	6150906	6151306
chr1	6151860	6152260
chr1	6162893	6163293
chr1	6169347	6169747
chr1	6170327	6170727
chr1	6170961	6171361
chr1	6172844	6173244
chr1	6174050	6174450
chr1	6176088	6176488
chr1	6178970	6179370
chr1	6184378	6184778
chr1	6187228	6187628
chr1	6189669	6190069
chr1	6192743	6193143
chr1	6193259	6193659
chr1	6194244	6194644
chr1	6194778	6195178
chr1	6199280	6199680
chr1	6199688	6200088
chr1	6200261	6200661
chr1	6200715	6201115
chr1	6201625	6202025
chr1	6202959	6203359
chr1	6206526	6206926
chr1	6213483	6213883
chr1	6214304	6214704
chr1	6215395	6215795
chr1	6217012	6217412
chr1	6219146	6219546
chr1	6221466	6221866
chr1	6222190	6222590
chr1	6222737	6223137
chr1	6223895	6224295
chr1	6225292	6225692
chr1	6226783	6227183
chr1	6230349	6230749
chr1	6232136	6232536
chr1	6234051	6234451
chr1	6236105	6236505
chr1	6236704	6237104
chr1	6238293	6238693
chr1	6239368	6239768
chr1	6240575	6240975
chr1	6241579	6241979
chr1	6245932	6246332
chr1	6248626	6249026
chr1	6250799	6251199
chr1	6253497	6253897
chr1	6259750	6260150
chr1	6260170	6260570
chr1	6261247	6261647
chr1	6263018	6263418
chr1	6264956	6265356
chr1	6267691	6268091
chr1	6268440	6268840
chr1	6272187	6272587
chr1	6273796	6274196
chr1	6278512	6278912
chr1	6281973	6282373
chr1	6284048	6284448
chr1	6286085	6286485
chr1	6287455	6287855
chr1	6288561	6288961
chr1	6290254	6290654
chr1	6292204	6292604
chr1	6292695	6293095
chr1	6295390	6295790
chr1	6295917	6296317
chr1	6296880	6297280
chr1	6297598	6297998
chr1	6298262	6298662
chr1	6301619	6302019
chr1	6302083	6302483
chr1	6303498	6303898
chr1	6304040	6304440
chr1	6306571	6306971
chr1	6307930	6308330
chr1	6308478	6308878
chr1	6311740	6312140
chr1	6316959	6317359
chr1	6320083	6320483
chr1	6321046	6321446
chr1	6322090	6322490
chr1	6331093	6331493
chr1	6332174	6332574
chr1	6332929	6333329
chr1	6336213	6336613
chr1	6336752	6337152
chr1	6339796	6340196
chr1	6340497	6340897
chr1	6341974	6342374
chr1	6342593	6342993
chr1	6343240	6343640
chr1	6343975	6344375
chr1	6345673	6346073
chr1	6346215	6346615
chr1	6348406	6348806
chr1	6350675	6351075
chr1	6356145	6356545
chr1	6357692	6358092
chr1	6358618	6359018
chr1	6361856	6362256
chr1	6365816	6366216
chr1	6369255	6369655
chr1	6370050	6370450
chr1	6372882	6373282
chr1	6374242	6374642
chr1	6375136	6375536
chr1	6378119	6378519
chr1	6379577	6379977
chr1	6381316	6381716
chr1	6382136	6382536
chr1	6383174	6383574
chr1	6385346	6385746
chr1	6387602	6388002
chr1	6388519	6388919
chr1	6390607	6391007
chr1	6391111	6391511
chr1	6393906	6394306
chr1	6395364	6395764
chr1	6398864	6399264
chr1	6399353	6399753
chr1	6399795	6400195
chr1	6400360	6400760
chr1	6402048	6402448
chr1	6404743	6405143
chr1	6405337	6405737
chr1	6407204	6407604
chr1	6410424	6410824
chr1	6411038	6411438
chr1	6411879	6412279
chr1	6412704	6413104
chr1	6413303	6413703
chr1	6415838	6416238
chr1	6416666	6417066
chr1	6419268	6419668
chr1	6419704	6420104
chr1	6422200	6422600
chr1	6422656	6423056
chr1	6427729	6428129
chr1	6431047	6431447
chr1	6432968	6433368
chr1	6437303	6437703
chr1	6438972	6439372
chr1	6440528	6440928
chr1	6441568	6441968
chr1	6442376	6442776
chr1	6442894	6443294
chr1	6443554	6443954
chr1	6447275	6447675
chr1	6447999	6448399
chr1	6449838	6450238
chr1	6454785	6455185
chr1	6460300	6460700
chr1	6464940	6465340
chr1	6467107	6467507
chr1	6471132	6471532
chr1	6472120	6472520
chr1	6472890	6473290
chr1	6473972	6474372
chr1	6474683	6475083
chr1	6476150	6476550
chr1	6476978	6477378
chr1	6479343	6479743
chr1	6480440	6480840
chr1	6481091	6481491
chr1	6484533	6484933
chr1	6485723	6486123
chr1	6487625	6488025
chr1	6488603	6489003
chr1	6489845	6490245
chr1	6492852	6493252
chr1	6493332	6493732
chr1	6496962	6497362
chr1	6498222	6498622
chr1	6502667	6503067
chr1	6505943	6506343
chr1	6509521	6509921
chr1	6516026	6516426
chr1	6517135	6517535
chr1	6519664	6520064
chr1	6520240	6520640
chr1	6520973	6521373
chr1	6524105	6524505
chr1	6527181	6527581
chr1	6530707	6531107
chr1	6531505	6531905
chr1	6532240	6532640
chr1	6534864	6535264
chr1	6536803	6537203
chr1	6537238	6537638
chr1	6539090	6539490
chr1	6542087	6542487
chr1	6543041	6543441
chr1	6544050	6544450
chr1	6547158	6547558
chr1	6549598	6549998
chr1	6550295	6550695
chr1	6553773	6554173
chr1	6554385	6554785
chr1	6558568	6558968
chr1	6559776	6560176
chr1	6561891	6562291
chr1	6562858	6563258
chr1	6566056	6566456
chr1	6568474	6568874
chr1	6571027	6571427
chr1	6571571	6571971
chr1	6574312	6574712
chr1	6584678	6585078
chr1	6590231	6590631
chr1	6591718	6592118
chr1	6593402	6593802
chr1	6595226	6595626
chr1	6595658	6596058
chr1	6605693	6606093
chr1	6612245	6612645
chr1	6613929	6614329
chr1	6616335	6616735
chr1	6617738	6618138
chr1	6620564	6620964
chr1	6622505	6622905
chr1	6623511	6623911
chr1	6624195	6624595
chr1	6625463	6625863
chr1	6626084	6626484
chr1	6628469	6628869
chr1	6628913	6629313
chr1	6636472	6636872
chr1	6637742	6638142
chr1	6638244	6638644
chr1	6640037	6640437
chr1	6640918	6641318
chr1	6641906	6642306
chr1	6643409	6643809
chr1	6645062	6645462
chr1	6647568	6647968
chr1	6648140	6648540
chr1	6651220	6651620
chr1	6651770	6652170
chr1	6654619	6655019
chr1	6655513	6655913
chr1	6658414	6658814
chr1	6659110	6659510
chr1	6659914	6660314
chr1	6661196	6661596
chr1	6662764	6663164
chr1	6664475	6664875
chr1	6665089	6665489
chr1	6667812	6668212
chr1	6668458	6668858
chr1	6670851	6671251
chr1	6672974	6673374
chr1	6673676	6674076
chr1	6675193	6675593
chr1	6680007	6680407
chr1	6681180	6681580
chr1	6682293	6682693
chr1	6683843	6684243
chr1	6687061	6687461
chr1	6688457	6688857
chr1	6691951	6692351
chr1	6692679	6693079
chr1	6693673	6694073
chr1	6694365	6694765
chr1	6695187	6695587
chr1	6699216	6699616
chr1	6699740	6700140
chr1	6700566	6700966
chr1	6701119	6701519
chr1	6702045	6702445
chr1	6706654	6707054
chr1	6707294	6707694
chr1	6707883	6708283
chr1	6710750	6711150
chr1	6712099	6712499
chr1	6712809	6713209
chr1	6715832	6716232
chr1	6719009	6719409
chr1	6719985	6720385
chr1	6725591	6725991
chr1	6730513	6730913
chr1	6730914	6731314
chr1	6732857	6733257
chr1	6733500	6733900
chr1	6734145	6734545
chr1	6736933	6737333
chr1	6739143	6739543
chr1	6742352	6742752
chr1	6743102	6743502
chr1	6744642	6745042
chr1	6747714	6748114
chr1	6750433	6750833
chr1	6752948	6753348
chr1	6755554	6755954
chr1	6756036	6756436
chr1	6757982	6758382
chr1	6759324	6759724
chr1	6764470	6764870
chr1	6767937	6768337
chr1	6768511	6768911
chr1	6769104	6769504
chr1	6770201	6770601
chr1	6772549	6772949
chr1	6780008	6780408
chr1	6780887	6781287
chr1	6781725	6782125
chr1	6784363	6784763
chr1	6786025	6786425
chr1	6786501	6786901
chr1	6789444	6789844
chr1	6790453	6790853
chr1	6793073	6793473
chr1	6793843	6794243
chr1	6796713	6797113
chr1	6798326	6798726
chr1	6799516	6799916
chr1	6801278	6801678
chr1	6802426	6802826
chr1	6803832	6804232
chr1	6806191	6806591
chr1	6807974	6808374
chr1	6811900	6812300
chr1	6813831	6814231
chr1	6815358	6815758
chr1	6815969	6816369
chr1	6818723	6819123
chr1	6822051	6822451
chr1	6827648	6828048
chr1	6828563	6828963
chr1	6832633	6833033
chr1	6833881	6834281
chr1	6834444	6834844
chr1	6834951	6835351
chr1	6838877	6839277
chr1	6839394	6839794
chr1	6840757	6841157
chr1	6842367	6842767
chr1	6843507	6843907
chr1	6845955	6846355
chr1	6846513	6846913
chr1	6853744	6854144
chr1	6855590	6855990
chr1	6857056	6857456
chr1	6861172	6861572
chr1	6862010	6862410
chr1	6863465	6863865
chr1	6864378	6864778
chr1	6865491	6865891
chr1	6866366	6866766
chr1	6867696	6868096
chr1	6868164	6868564
chr1	6874772	6875172
chr1	6879110	6879510
chr1	6880021	6880421
chr1	6881076	6881476
chr1	6884870	6885270
chr1	6889977	6890377
chr1	6891369	6891769
chr1	6892288	6892688
chr1	6893986	6894386
chr1	6897222	6897622
chr1	6899674	6900074
chr1	6900930	6901330
chr1	6902526	6902926
chr1	6907590	6907990
chr1	6910593	6910993
chr1	6912651	6913051
chr1	6917180	6917580
chr1	6918404	6918804
chr1	6919948	6920348
chr1	6922730	6923130
chr1	6925371	6925771
chr1	6926312	6926712
chr1	6927464	6927864
chr1	6929232	6929632
chr1	6931879	6932279
chr1	6934178	6934578
chr1	6936475	6936875
chr1	6938130	6938530
chr1	6940615	6941015
chr1	6941631	6942031
chr1	6942034	6942434
chr1	6944053	6944453
chr1	6944768	6945168
chr1	6946641	6947041
chr1	6947210	6947610
chr1	6947920	6948320
chr1	6948776	6949176
chr1	6949979	6950379
chr1	6953030	6953430
chr1	6955022	6955422
chr1	6958698	6959098
chr1	6961437	6961837
chr1	6962083	6962483
chr1	6963016	6963416
chr1	6968314	6968714
chr1	6970149	6970549
chr1	6972193	6972593
chr1	6972893	6973293
chr1	6975344	6975744
chr1	6976730	6977130
chr1	6977637	6978037
chr1	6979413	6979813
chr1	6981032	6981432
chr1	6983672	6984072
chr1	6984134	6984534
chr1	6986164	6986564
chr1	6986813	6987213
chr1	6988429	6988829
chr1	6989643	6990043
chr1	6990460	6990860
chr1	7002149	7002549
chr1	7004053	7004453
chr1	7005123	7005523
chr1	7010261	7010661
chr1	7014557	7014957
chr1	7017307	7017707
chr1	7018576	7018976
chr1	7020530	7020930
chr1	7023450	7023850
chr1	7026011	7026411
chr1	7029506	7029906
chr1	7031562	7031962
chr1	7033290	7033690
chr1	7034295	7034695
chr1	7035070	7035470
chr1	7037675	7038075
chr1	7039929	7040329
chr1	7040507	7040907
chr1	7041498	7041898
chr1	7042457	7042857
chr1	7042915	7043315
chr1	7049494	7049894
chr1	7052957	7053357
chr1	7054228	7054628
chr1	7055011	7055411
chr1	7058465	7058865
chr1	7059011	7059411
chr1	7062574	7062974
chr1	7065433	7065833
chr1	7067464	7067864
chr1	7068027	7068427
chr1	7068787	7069187
chr1	7069731	7070131
chr1	7070254	7070654
chr1	7071484	7071884
chr1	7072567	7072967
chr1	7073548	7073948
chr1	7074280	7074680
chr1	7076524	7076924
chr1	7077476	7077876
chr1	7078998	7079398
chr1	7080101	7080501
chr1	7082982	7083382
chr1	7084009	7084409
chr1	7085855	7086255
chr1	7086256	7086656
chr1	7087846	7088246
chr1	7090458	7090858
chr1	7091312	7091712
chr1	7094686	7095086
chr1	7100022	7100422
chr1	7104812	7105212
chr1	7105282	7105682
chr1	7109453	7109853
chr1	7113889	7114289
chr1	7114454	7114854
chr1	7116215	7116615
chr1	7118435	7118835
chr1	7120022	7120422
chr1	7122098	7122498
chr1	7123126	7123526
chr1	7123734	7124134
chr1	7124472	7124872
chr1	7127086	7127486
chr1	7127635	7128035
chr1	7128154	7128554
chr1	7129244	7129644
chr1	7131299	7131699
chr1	7132789	7133189
chr1	7133798	7134198
chr1	7138144	7138544
chr1	7139059	7139459
chr1	7140449	7140849
chr1	7141668	7142068
chr1	7142604	7143004
chr1	7144044	7144444
chr1	7147842	7148242
chr1	7154328	7154728
chr1	7155287	7155687
chr1	7155749	7156149
chr1	7156653	7157053
chr1	7163902	7164302
chr1	7164706	7165106
chr1	7165940	7166340
chr1	7167139	7167539
chr1	7175445	7175845
chr1	7179034	7179434
chr1	7179887	7180287
chr1	7181561	7181961
chr1	7185627	7186027
chr1	7186507	7186907
chr1	7189247	7189647
chr1	7189700	7190100
chr1	7190887	7191287
chr1	7192864	7193264
chr1	7194145	7194545
chr1	7196195	7196595
chr1	7196938	7197338
chr1	7199718	7200118
chr1	7200449	7200849
chr1	7202438	7202838
chr1	7203246	7203646
chr1	7203883	7204283
chr1	7213309	7213709
chr1	7214357	7214757
chr1	7215528	7215928
chr1	7216179	7216579
chr1	7216617	7217017
chr1	7220030	7220430
chr1	7221203	7221603
chr1	7224476	7224876
chr1	7224919	7225319
chr1	7226388	7226788
chr1	7230598	7230998
chr1	7233188	7233588
chr1	7233992	7234392
chr1	7237161	7237561
chr1	7239151	7239551
chr1	7239782	7240182
chr1	7241236	7241636
chr1	7241735	7242135
chr1	7242321	7242721
chr1	7242908	7243308
chr1	7245657	7246057
chr1	7248632	7249032
chr1	7251765	7252165
chr1	7252392	7252792
chr1	7257586	7257986
chr1	7259160	7259560
chr1	7260010	7260410
chr1	7260575	7260975
chr1	7261021	7261421
chr1	7261676	7262076
chr1	7262158	7262558
chr1	7262968	7263368
chr1	7263482	7263882
chr1	7266680	7267080
chr1	7269090	7269490
chr1	7269962	7270362
chr1	7271655	7272055
chr1	7272830	7273230
chr1	7280263	7280663
chr1	7285360	7285760
chr1	7287516	7287916
chr1	7290862	7291262
chr1	7292569	7292969
chr1	7293234	7293634
chr1	7296331	7296731
chr1	7297781	7298181
chr1	7298866	7299266
chr1	7299883	7300283
chr1	7304253	7304653
chr1	7308070	7308470
chr1	7308780	7309180
chr1	7310378	7310778
chr1	7310803	7311203
chr1	7311755	7312155
chr1	7312756	7313156
chr1	7314168	7314568
chr1	7314819	7315219
chr1	7315971	7316371
chr1	7321571	7321971
chr1	7324084	7324484
chr1	7326185	7326585
chr1	7334862	7335262
chr1	7335520	7335920
chr1	7337704	7338104
chr1	7339224	7339624
chr1	7344150	7344550
chr1	7344856	7345256
chr1	7345748	7346148
chr1	7346725	7347125
chr1	7347542	7347942
chr1	7347951	7348351
chr1	7348704	7349104
chr1	7350386	7350786
chr1	7353840	7354240
chr1	7354706	7355106
chr1	7355302	7355702
chr1	7356249	7356649
chr1	7359810	7360210
chr1	7363154	7363554
chr1	7366967	7367367
chr1	7370953	7371353
chr1	7371756	7372156
chr1	7374618	7375018
chr1	7375371	7375771
chr1	7375929	7376329
chr1	7380374	7380774
chr1	7389432	7389832
chr1	7390106	7390506
chr1	7395414	7395814
chr1	7396453	7396853
chr1	7397370	7397770
chr1	7400705	7401105
chr1	7402179	7402579
chr1	7402690	7403090
chr1	7403991	7404391
chr1	7405650	7406050
chr1	7407245	7407645
chr1	7407649	7408049
chr1	7411357	7411757
chr1	7415090	7415490
chr1	7416042	7416442
chr1	7416519	7416919
chr1	7417747	7418147
chr1	7419883	7420283
chr1	7421403	7421803
chr1	7422915	7423315
chr1	7424875	7425275
chr1	7426095	7426495
chr1	7426742	7427142
chr1	7427153	7427553
chr1	7433428	7433828
chr1	7434712	7435112
chr1	7436246	7436646
chr1	7437612	7438012
chr1	7441902	7442302
chr1	7442350	7442750
chr1	7444506	7444906
chr1	7446736	7447136
chr1	7447534	7447934
chr1	7448878	7449278
chr1	7449450	7449850
chr1	7450051	7450451
chr1	7452982	7453382
chr1	7453671	7454071
chr1	7455077	7455477
chr1	7457500	7457900
chr1	7462275	7462675
chr1	7465992	7466392
chr1	7467807	7468207
chr1	7472797	7473197
chr1	7478199	7478599
chr1	7479349	7479749
chr1	7482911	7483311
chr1	7486301	7486701
chr1	7488796	7489196
chr1	7492381	7492781
chr1	7497826	7498226
chr1	7498630	7499030
chr1	7506073	7506473
chr1	7509497	7509897
chr1	7511776	7512176
chr1	7512373	7512773
chr1	7514371	7514771
chr1	7515227	7515627
chr1	7516734	7517134
chr1	7519086	7519486
chr1	7519940	7520340
chr1	7521581	7521981
chr1	7527956	7528356
chr1	7532479	7532879
chr1	7533638	7534038
chr1	7536316	7536716
chr1	7537468	7537868
chr1	7543651	7544051
chr1	7544516	7544916
chr1	7549064	7549464
chr1	7553570	7553970
chr1	7558592	7558992
chr1	7561501	7561901
chr1	7564998	7565398
chr1	7565581	7565981
chr1	7567452	7567852
chr1	7568965	7569365
chr1	7570593	7570993
chr1	7571516	7571916
chr1	7572168	7572568
chr1	7577927	7578327
chr1	7579538	7579938
chr1	7582052	7582452
chr1	7582662	7583062
chr1	7583387	7583787
chr1	7584680	7585080
chr1	7585851	7586251
chr1	7587188	7587588
chr1	7589029	7589429
chr1	7589838	7590238
chr1	7590736	7591136
chr1	7592391	7592791
chr1	7595128	7595528
chr1	7596347	7596747
chr1	7597063	7597463
chr1	7598644	7599044
chr1	7600489	7600889
chr1	7603172	7603572
chr1	7605114	7605514
chr1	7608467	7608867
chr1	7611076	7611476
chr1	7612774	7613174
chr1	7620884	7621284
chr1	7621962	7622362
chr1	7623378	7623778
chr1	7624228	7624628
chr1	7626408	7626808
chr1	7629226	7629626
chr1	7632259	7632659
chr1	7636736	7637136
chr1	7640165	7640565
chr1	7641493	7641893
chr1	7644190	7644590
chr1	7644873	7645273
chr1	7645756	7646156
chr1	7646554	7646954
chr1	7650443	7650843
chr1	7653779	7654179
chr1	7656952	7657352
chr1	7659536	7659936
chr1	7660876	7661276
chr1	7664347	7664747
chr1	7666341	7666741
chr1	7667506	7667906
chr1	7668505	7668905
chr1	7669173	7669573
chr1	7669937	7670337
chr1	7670628	7671028
chr1	7675137	7675537
chr1	7676307	7676707
chr1	7676908	7677308
chr1	7677577	7677977
chr1	7678241	7678641
chr1	7683642	7684042
chr1	7685734	7686134
chr1	7687372	7687772
chr1	7687775	7688175
chr1	7688717	7689117
chr1	7689621	7690021
chr1	7691123	7691523
chr1	7692032	7692432
chr1	7693282	7693682
chr1	7693977	7694377
chr1	7695353	7695753
chr1	7696126	7696526
chr1	7696554	7696954
chr1	7697676	7698076
chr1	7699308	7699708
chr1	7700656	7701056
chr1	7702477	7702877
chr1	7705500	7705900
chr1	7706014	7706414
chr1	7708234	7708634
chr1	7709852	7710252
chr1	7710949	7711349
chr1	7714777	7715177
chr1	7719878	7720278
chr1	7721146	7721546
chr1	7723907	7724307
chr1	7725631	7726031
chr1	7728605	7729005
chr1	7731296	7731696
chr1	7735365	7735765
chr1	7735821	7736221
chr1	7737652	7738052
chr1	7738594	7738994
chr1	7743616	7744016
chr1	7744407	7744807
chr1	7745688	7746088
chr1	7747980	7748380
chr1	7750389	7750789
chr1	7752569	7752969
chr1	7753388	7753788
chr1	7755855	7756255
chr1	7758407	7758807
chr1	7759059	7759459
chr1	7760602	7761002
chr1	7761280	7761680
chr1	7762237	7762637
chr1	7762894	7763294
chr1	7763625	7764025
chr1	7764805	7765205
chr1	7767469	7767869
chr1	7768751	7769151
chr1	7769985	7770385
chr1	7770743	7771143
chr1	7771737	7772137
chr1	7773377	7773777
chr1	7776136	7776536
chr1	7776588	7776988
chr1	7777856	7778256
chr1	7779431	7779831
chr1	7780449	7780849
chr1	7781986	7782386
chr1	7785307	7785707
chr1	7786978	7787378
chr1	7788511	7788911
chr1	7789240	7789640
chr1	7789807	7790207
chr1	7790360	7790760
chr1	7792539	7792939
chr1	7796794	7797194
chr1	7801033	7801433
chr1	7801924	7802324
chr1	7804490	7804890
chr1	7805384	7805784
chr1	7806147	7806547
chr1	7807738	7808138
chr1	7808729	7809129
chr1	7809823	7810223
chr1	7813063	7813463
chr1	7817079	7817479
chr1	7818855	7819255
chr1	7819515	7819915
chr1	7819968	7820368
chr1	7822032	7822432
chr1	7824686	7825086
chr1	7826166	7826566
chr1	7826971	7827371
chr1	7828575	7828975
chr1	7832552	7832952
chr1	7833060	7833460
chr1	7834747	7835147
chr1	7837001	7837401
chr1	7838410	7838810
chr1	7839200	7839600
chr1	7842478	7842878
chr1	7845871	7846271
chr1	7846533	7846933
chr1	7849567	7849967
chr1	7850144	7850544
chr1	7850974	7851374
chr1	7852974	7853374
chr1	7853402	7853802
chr1	7856484	7856884
chr1	7858379	7858779
chr1	7859806	7860206
chr1	7860477	7860877
chr1	7861700	7862100
chr1	7862660	7863060
chr1	7869213	7869613
chr1	7872666	7873066
chr1	7876594	7876994
chr1	7880274	7880674
chr1	7882432	7882832
chr1	7883171	7883571
chr1	7883764	7884164
chr1	7884549	7884949
chr1	7884967	7885367
chr1	7889028	7889428
chr1	7890378	7890778
chr1	7893415	7893815
chr1	7896244	7896644
chr1	7897568	7897968
chr1	7898466	7898866
chr1	7900766	7901166
chr1	7903504	7903904
chr1	7907039	7907439
chr1	7907723	7908123
chr1	7908493	7908893
chr1	7910827	7911227
chr1	7912055	7912455
chr1	7912644	7913044
chr1	7913573	7913973
chr1	7919847	7920247
chr1	7924148	7924548
chr1	7924614	7925014
chr1	7927952	7928352
chr1	7931819	7932219
chr1	7932234	7932634
chr1	7934038	7934438
chr1	7934540	7934940
chr1	7937569	7937969
chr1	7938975	7939375
chr1	7942106	7942506
chr1	7944706	7945106
chr1	7945709	7946109
chr1	7946345	7946745
chr1	7946791	7947191
chr1	7949343	7949743
chr1	7952184	7952584
chr1	7952633	7953033
chr1	7955669	7956069
chr1	7957312	7957712
chr1	7957961	7958361
chr1	7958628	7959028
chr1	7959861	7960261
chr1	7964171	7964571
chr1	7968374	7968774
chr1	7969751	7970151
chr1	7972117	7972517
chr1	7972620	7973020
chr1	7975434	7975834
chr1	7978153	7978553
chr1	7984460	7984860
chr1	7985791	7986191
chr1	7986711	7987111
chr1	7988953	7989353
chr1	7991261	7991661
chr1	7993166	7993566
chr1	7994960	7995360
chr1	7995457	7995857
chr1	7998581	7998981
chr1	7999725	8000125
chr1	8001252	8001652
chr1	8003920	8004320
chr1	8004768	8005168
chr1	8007040	8007440
chr1	8007918	8008318
chr1	8010530	8010930
chr1	8012365	8012765
chr1	8014516	8014916
chr1	8016173	8016573
chr1	8020740	8021140
chr1	8021188	8021588
chr1	8021919	8022319
chr1	8025328	8025728
chr1	8028116	8028516
chr1	8028906	8029306
chr1	8030194	8030594
chr1	8033914	8034314
chr1	8034698	8035098
chr1	8037390	8037790
chr1	8038065	8038465
chr1	8039752	8040152
chr1	8040302	8040702
chr1	8040780	8041180
chr1	8041303	8041703
chr1	8042489	8042889
chr1	8045323	8045723
chr1	8049143	8049543
chr1	8049926	8050326
chr1	8052460	8052860
chr1	8054473	8054873
chr1	8055336	8055736
chr1	8056058	8056458
chr1	8056549	8056949
chr1	8059865	8060265
chr1	8069061	8069461
chr1	8070030	8070430
chr1	8070823	8071223
chr1	8073129	8073529
chr1	8074166	8074566
chr1	8076490	8076890
chr1	8076948	8077348
chr1	8079524	8079924
chr1	8080762	8081162
chr1	8081995	8082395
chr1	8083645	8084045
chr1	8086085	8086485
chr1	8087717	8088117
chr1	8088527	8088927
chr1	8089235	8089635
chr1	8090426	8090826
chr1	8091012	8091412
chr1	8091734	8092134
chr1	8093628	8094028
chr1	8094221	8094621
chr1	8094975	8095375
chr1	8096685	8097085
chr1	8098148	8098548
chr1	8099626	8100026
chr1	8103982	8104382
chr1	8104686	8105086
chr1	8105236	8105636
chr1	8107779	8108179
chr1	8108564	8108964
chr1	8114767	8115167
chr1	8119987	8120387
chr1	8121843	8122243
chr1	8127186	8127586
chr1	8129017	8129417
chr1	8130961	8131361
chr1	8135577	8135977
chr1	8142739	8143139
chr1	8143164	8143564
chr1	8146397	8146797
chr1	8148039	8148439
chr1	8152482	8152882
chr1	8153309	8153709
chr1	8154459	8154859
chr1	8157999	8158399
chr1	8161909	8162309
chr1	8162540	8162940
chr1	8163045	8163445
chr1	8167035	8167435
chr1	8168319	8168719
chr1	8171179	8171579
chr1	8174677	8175077
chr1	8175610	8176010
chr1	8176394	8176794
chr1	8177422	8177822
chr1	8177927	8178327
chr1	8180099	8180499
chr1	8182481	8182881
chr1	8185132	8185532
chr1	8187294	8187694
chr1	8193674	8194074
chr1	8195117	8195517
chr1	8198863	8199263
chr1	8199866	8200266
chr1	8202181	8202581
chr1	8203380	8203780
chr1	8204035	8204435
chr1	8204762	8205162
chr1	8206244	8206644
chr1	8206775	8207175
chr1	8207354	8207754
chr1	8208068	8208468
chr1	8213210	8213610
chr1	8213824	8214224
chr1	8216191	8216591
chr1	8216721	8217121
chr1	8219102	8219502
chr1	8223023	8223423
chr1	8227029	8227429
chr1	8227668	8228068
chr1	8228979	8229379
chr1	8232764	8233164
chr1	8233767	8234167
chr1	8237416	8237816
chr1	8238339	8238739
chr1	8239404	8239804
chr1	8241005	8241405
chr1	8243032	8243432
chr1	8244608	8245008
chr1	8245404	8245804
chr1	8246389	8246789
chr1	8247659	8248059
chr1	8248441	8248841
chr1	8249682	8250082
chr1	8250209	8250609
chr1	8251824	8252224
chr1	8252716	8253116
chr1	8256044	8256444
chr1	8258708	8259108
chr1	8259956	8260356
chr1	8262036	8262436
chr1	8264158	8264558
chr1	8264625	8265025
chr1	8271177	8271577
chr1	8274200	8274600
chr1	8276122	8276522
chr1	8276635	8277035
chr1	8279059	8279459
chr1	8280324	8280724
chr1	8280910	8281310
chr1	8283075	8283475
chr1	8285134	8285534
chr1	8285918	8286318
chr1	8288596	8288996
chr1	8289363	8289763
chr1	8291933	8292333
chr1	8295036	8295436
chr1	8295519	8295919
chr1	8297595	8297995
chr1	8301379	8301779
chr1	8307072	8307472
chr1	8308059	8308459
chr1	8313042	8313442
chr1	8313983	8314383
chr1	8314507	8314907
chr1	8317880	8318280
chr1	8319973	8320373
chr1	8320945	8321345
chr1	8323978	8324378
chr1	8325881	8326281
chr1	8328520	8328920
chr1	8330320	8330720
chr1	8331440	8331840
chr1	8332793	8333193
chr1	8333203	8333603
chr1	8336814	8337214
chr1	8337325	8337725
chr1	8340934	8341334
chr1	8341586	8341986
chr1	8342792	8343192
chr1	8344169	8344569
chr1	8346091	8346491
chr1	8347233	8347633
chr1	8349047	8349447
chr1	8358117	8358517
chr1	8362545	8362945
chr1	8363499	8363899
chr1	8364401	8364801
chr1	8365475	8365875
chr1	8367488	8367888
chr1	8368647	8369047
chr1	8370369	8370769
chr1	8371851	8372251
chr1	8376210	8376610
chr1	8377067	8377467
chr1	8377621	8378021
chr1	8382406	8382806
chr1	8383519	8383919
chr1	8384057	8384457
chr1	8386412	8386812
chr1	8388565	8388965
chr1	8389963	8390363
chr1	8390462	8390862
chr1	8393525	8393925
chr1	8396956	8397356
chr1	8397412	8397812
chr1	8398374	8398774
chr1	8400241	8400641
chr1	8401124	8401524
chr1	8401879	8402279
chr1	8402856	8403256
chr1	8403788	8404188
chr1	8404750	8405150
chr1	8405989	8406389
chr1	8406531	8406931
chr1	8407162	8407562
chr1	8408102	8408502
chr1	8411880	8412280
chr1	8412307	8412707
chr1	8419258	8419658
chr1	8419778	8420178
chr1	8420763	8421163
chr1	8421654	8422054
chr1	8422088	8422488
chr1	8423338	8423738
chr1	8426088	8426488
chr1	8427293	8427693
chr1	8428184	8428584
chr1	8430977	8431377
chr1	8431823	8432223
chr1	8433495	8433895
chr1	8435264	8435664
chr1	8438729	8439129
chr1	8440448	8440848
chr1	8441875	8442275
chr1	8444573	8444973
chr1	8445950	8446350
chr1	8449479	8449879
chr1	8450461	8450861
chr1	8451844	8452244
chr1	8452952	8453352
chr1	8453726	8454126
chr1	8463793	8464193
chr1	8465639	8466039
chr1	8467039	8467439
chr1	8468838	8469238
chr1	8469963	8470363
chr1	8474119	8474519
chr1	8477474	8477874
chr1	8479868	8480268
chr1	8484542	8484942
chr1	8485094	8485494
chr1	8485816	8486216
chr1	8486764	8487164
chr1	8492137	8492537
chr1	8493300	8493700
chr1	8497368	8497768
chr1	8498967	8499367
chr1	8500144	8500544
chr1	8500671	8501071
chr1	8502200	8502600
chr1	8503837	8504237
chr1	8508834	8509234
chr1	8509316	8509716
chr1	8511431	8511831
chr1	8512991	8513391
chr1	8513919	8514319
chr1	8515742	8516142
chr1	8516449	8516849
chr1	8518820	8519220
chr1	8519230	8519630
chr1	8522400	8522800
chr1	8523602	8524002
chr1	8524084	8524484
chr1	8525607	8526007
chr1	8530037	8530437
chr1	8532159	8532559
chr1	8534660	8535060
chr1	8536899	8537299
chr1	8538723	8539123
chr1	8539986	8540386
chr1	8542336	8542736
chr1	8543371	8543771
chr1	8544194	8544594
chr1	8544771	8545171
chr1	8547135	8547535
chr1	8547776	8548176
chr1	8550093	8550493
chr1	8551852	8552252
chr1	8553823	8554223
chr1	8554392	8554792
chr1	8554858	8555258
chr1	8556458	8556858
chr1	8558166	8558566
chr1	8561784	8562184
chr1	8562467	8562867
chr1	8563107	8563507
chr1	8564176	8564576
chr1	8564995	8565395
chr1	8566095	8566495
chr1	8570580	8570980
chr1	8571257	8571657
chr1	8571926	8572326
chr1	8573283	8573683
chr1	8576624	8577024
chr1	8577401	8577801
chr1	8578259	8578659
chr1	8579163	8579563
chr1	8585689	8586089
chr1	8586138	8586538
chr1	8586829	8587229
chr1	8591594	8591994
chr1	8592047	8592447
chr1	8593445	8593845
chr1	8595309	8595709
chr1	8596278	8596678
chr1	8597667	8598067
chr1	8599561	8599961
chr1	8600428	8600828
chr1	8600960	8601360
chr1	8603823	8604223
chr1	8605412	8605812
chr1	8607364	8607764
chr1	8608839	8609239
chr1	8610140	8610540
chr1	8611383	8611783
chr1	8612541	8612941
chr1	8613564	8613964
chr1	8614498	8614898
chr1	8616429	8616829
chr1	8620155	8620555
chr1	8624784	8625184
chr1	8629770	8630170
chr1	8635736	8636136
chr1	8636992	8637392
chr1	8638382	8638782
chr1	8639397	8639797
chr1	8641560	8641960
chr1	8647292	8647692
chr1	8648350	8648750
chr1	8650355	8650755
chr1	8651681	8652081
chr1	8652357	8652757
chr1	8656535	8656935
chr1	8659189	8659589
chr1	8662039	8662439
chr1	8662466	8662866
chr1	8670488	8670888
chr1	8672035	8672435
chr1	8673611	8674011
chr1	8674478	8674878
chr1	8680648	8681048
chr1	8687493	8687893
chr1	8687920	8688320
chr1	8689481	8689881
chr1	8689939	8690339
chr1	8690509	8690909
chr1	8694594	8694994
chr1	8698362	8698762
chr1	8698887	8699287
chr1	8699680	8700080
chr1	8702104	8702504
chr1	8705140	8705540
chr1	8706487	8706887
chr1	8707739	8708139
chr1	8708407	8708807
chr1	8709001	8709401
chr1	8709464	8709864
chr1	8711151	8711551
chr1	8712412	8712812
chr1	8720273	8720673
chr1	8721186	8721586
chr1	8722534	8722934
chr1	8723257	8723657
chr1	8723849	8724249
chr1	8724443	8724843
chr1	8727663	8728063
chr1	8730546	8730946
chr1	8732477	8732877
chr1	8734295	8734695
chr1	8735928	8736328
chr1	8736644	8737044
chr1	8740090	8740490
chr1	8741174	8741574
chr1	8745948	8746348
chr1	8746809	8747209
chr1	8749977	8750377
chr1	8753341	8753741
chr1	8754664	8755064
chr1	8756983	8757383
chr1	8758461	8758861
chr1	8759598	8759998
chr1	8760195	8760595
chr1	8761986	8762386
chr1	8762673	8763073
chr1	8765750	8766150
chr1	8766452	8766852
chr1	8767907	8768307
chr1	8769013	8769413
chr1	8769851	8770251
chr1	8772982	8773382
chr1	8778901	8779301
chr1	8779422	8779822
chr1	8783916	8784316
chr1	8789580	8789980
chr1	8791558	8791958
chr1	8795954	8796354
chr1	8800372	8800772
chr1	8802924	8803324
chr1	8804736	8805136
chr1	8806738	8807138
chr1	8807330	8807730
chr1	8808623	8809023
chr1	8809240	8809640
chr1	8810851	8811251
chr1	8813207	8813607
chr1	8813843	8814243
chr1	8814391	8814791
chr1	8816966	8817366
chr1	8818340	8818740
chr1	8820753	8821153
chr1	8821395	8821795
chr1	8827350	8827750
chr1	8830937	8831337
chr1	8831684	8832084
chr1	8833162	8833562
chr1	8834140	8834540
chr1	8836263	8836663
chr1	8837094	8837494
chr1	8838017	8838417
chr1	8840022	8840422
chr1	8841912	8842312
chr1	8843990	8844390
chr1	8844810	8845210
chr1	8846639	8847039
chr1	8848887	8849287
chr1	8853610	8854010
chr1	8858470	8858870
chr1	8866434	8866834
chr1	8868708	8869108
chr1	8870368	8870768
chr1	8870875	8871275
chr1	8871522	8871922
chr1	8872803	8873203
chr1	8876687	8877087
chr1	8877621	8878021
chr1	8879568	8879968
chr1	8881013	8881413
chr1	8881626	8882026
chr1	8882846	8883246
chr1	8884938	8885338
chr1	8886664	8887064
chr1	8889992	8890392
chr1	8890682	8891082
chr1	8892584	8892984
chr1	8894472	8894872
chr1	8895605	8896005
chr1	8898165	8898565
chr1	8899817	8900217
chr1	8902304	8902704
chr1	8903878	8904278
chr1	8904559	8904959
chr1	8905053	8905453
chr1	8908093	8908493
chr1	8909207	8909607
chr1	8910775	8911175
chr1	8912962	8913362
chr1	8914982	8915382
chr1	8917884	8918284
chr1	8919521	8919921
chr1	8921013	8921413
chr1	8923479	8923879
chr1	8926292	8926692
chr1	8928288	8928688
chr1	8928909	8929309
chr1	8930558	8930958
chr1	8932898	8933298
chr1	8936327	8936727
chr1	8938034	8938434
chr1	8939764	8940164
chr1	8942689	8943089
chr1	8944499	8944899
chr1	8945587	8945987
chr1	8946975	8947375
chr1	8947709	8948109
chr1	8948287	8948687
chr1	8948751	8949151
chr1	8949273	8949673
chr1	8949710	8950110
chr1	8953521	8953921
chr1	8953988	8954388
chr1	8954404	8954804
chr1	8954962	8955362
chr1	8958708	8959108
chr1	8959568	8959968
chr1	8960615	8961015
chr1	8962105	8962505
chr1	8963107	8963507
chr1	8966005	8966405
chr1	8967149	8967549
chr1	8970628	8971028
chr1	8971302	8971702
chr1	8972768	8973168
chr1	8974327	8974727
chr1	8981811	8982211
chr1	8988333	8988733
chr1	8992217	8992617
chr1	8995677	8996077
chr1	8996263	8996663
chr1	8999561	8999961
chr1	9004136	9004536
chr1	9004586	9004986
chr1	9006465	9006865
chr1	9007598	9007998
chr1	9009568	9009968
chr1	9016199	9016599
chr1	9016637	9017037
chr1	9018285	9018685
chr1	9018979	9019379
chr1	9020548	9020948
chr1	9022896	9023296
chr1	9025204	9025604
chr1	9028406	9028806
chr1	9029318	9029718
chr1	9030501	9030901
chr1	9031793	9032193
chr1	9032328	9032728
chr1	9033385	9033785
chr1	9034555	9034955
chr1	9036296	9036696
chr1	9044379	9044779
chr1	9045998	9046398
chr1	9046839	9047239
chr1	9047303	9047703
chr1	9049691	9050091
chr1	9050921	9051321
chr1	9053124	9053524
chr1	9055613	9056013
chr1	9058456	9058856
chr1	9062473	9062873
chr1	9062956	9063356
chr1	9063392	9063792
chr1	9064558	9064958
chr1	9065098	9065498
chr1	9066160	9066560
chr1	9069838	9070238
chr1	9071616	9072016
chr1	9072605	9073005
chr1	9074809	9075209
chr1	9076687	9077087
chr1	9077911	9078311
chr1	9079624	9080024
chr1	9080980	9081380
chr1	9086598	9086998
chr1	9087879	9088279
chr1	9089071	9089471
chr1	9091226	9091626
chr1	9094160	9094560
chr1	9095576	9095976
chr1	9100488	9100888
chr1	9102361	9102761
chr1	9103198	9103598
chr1	9103834	9104234
chr1	9105970	9106370
chr1	9106682	9107082
chr1	9107098	9107498
chr1	9111056	9111456
chr1	9111865	9112265
chr1	9113192	9113592
chr1	9113978	9114378
chr1	9117391	9117791
chr1	9118757	9119157
chr1	9122237	9122637
chr1	9125320	9125720
chr1	9127086	9127486
chr1	9127594	9127994
chr1	9130325	9130725
chr1	9131404	9131804
chr1	9135076	9135476
chr1	9136691	9137091
chr1	9137387	9137787
chr1	9139887	9140287
chr1	9141531	9141931
chr1	9144081	9144481
chr1	9147715	9148115
chr1	9148118	9148518
chr1	9148958	9149358
chr1	9150199	9150599
chr1	9150812	9151212
chr1	9152997	9153397
chr1	9156043	9156443
chr1	9157276	9157676
chr1	9157683	9158083
chr1	9162823	9163223
chr1	9166166	9166566
chr1	9167236	9167636
chr1	9168192	9168592
chr1	9169360	9169760
chr1	9170661	9171061
chr1	9172065	9172465
chr1	9173406	9173806
chr1	9174844	9175244
chr1	9178295	9178695
chr1	9179806	9180206
chr1	9181865	9182265
chr1	9182407	9182807
chr1	9183227	9183627
chr1	9184655	9185055
chr1	9185424	9185824
chr1	9186599	9186999
chr1	9187545	9187945
chr1	9188045	9188445
chr1	9188733	9189133
chr1	9189432	9189832
chr1	9190433	9190833
chr1	9191362	9191762
chr1	9192475	9192875
chr1	9194536	9194936
chr1	9195459	9195859
chr1	9196860	9197260
chr1	9198583	9198983
chr1	9199172	9199572
chr1	9199966	9200366
chr1	9201455	9201855
chr1	9202601	9203001
chr1	9209578	9209978
chr1	9210854	9211254
chr1	9215608	9216008
chr1	9216021	9216421
chr1	9221027	9221427
chr1	9221757	9222157
chr1	9223147	9223547
chr1	9224147	9224547
chr1	9225844	9226244
chr1	9227112	9227512
chr1	9229996	9230396
chr1	9232555	9232955
chr1	9233111	9233511
chr1	9234219	9234619
chr1	9235754	9236154
chr1	9237263	9237663
chr1	9239830	9240230
chr1	9241747	9242147
chr1	9242301	9242701
chr1	9243723	9244123
chr1	9244327	9244727
chr1	9247325	9247725
chr1	9248911	9249311
chr1	9250697	9251097
chr1	9254057	9254457
chr1	9257175	9257575
chr1	9258547	9258947
chr1	9262592	9262992
chr1	9264752	9265152
chr1	9267373	9267773
chr1	9269425	9269825
chr1	9269883	9270283
chr1	9270471	9270871
chr1	9271432	9271832
chr1	9272189	9272589
chr1	9272954	9273354
chr1	9274959	9275359
chr1	9275743	9276143
chr1	9278362	9278762
chr1	9278895	9279295
chr1	9282614	9283014
chr1	9284954	9285354
chr1	9285676	9286076
chr1	9289170	9289570
chr1	9291452	9291852
chr1	9294118	9294518
chr1	9296296	9296696
chr1	9298350	9298750
chr1	9299766	9300166
chr1	9303978	9304378
chr1	9304628	9305028
chr1	9308483	9308883
chr1	9308929	9309329
chr1	9310755	9311155
chr1	9311621	9312021
chr1	9312389	9312789
chr1	9313229	9313629
chr1	9314225	9314625
chr1	9315832	9316232
chr1	9317186	9317586
chr1	9317923	9318323
chr1	9320489	9320889
chr1	9322387	9322787
chr1	9326063	9326463
chr1	9329432	9329832
chr1	9330062	9330462
chr1	9330480	9330880
chr1	9333445	9333845
chr1	9334049	9334449
chr1	9340185	9340585
chr1	9341665	9342065
chr1	9342445	9342845
chr1	9344954	9345354
chr1	9347638	9348038
chr1	9348663	9349063
chr1	9352442	9352842
chr1	9353731	9354131
chr1	9354933	9355333
chr1	9356196	9356596
chr1	9361789	9362189
chr1	9362843	9363243
chr1	9364988	9365388
chr1	9365959	9366359
chr1	9367564	9367964
chr1	9368066	9368466
chr1	9371179	9371579
chr1	9371656	9372056
chr1	9372636	9373036
chr1	9377553	9377953
chr1	9379789	9380189
chr1	9381620	9382020
chr1	9382840	9383240
chr1	9384944	9385344
chr1	9386625	9387025
chr1	9392207	9392607
chr1	9394808	9395208
chr1	9396137	9396537
chr1	9397139	9397539
chr1	9401907	9402307
chr1	9402473	9402873
chr1	9403255	9403655
chr1	9405372	9405772
chr1	9407328	9407728
chr1	9408009	9408409
chr1	9409860	9410260
chr1	9410486	9410886
chr1	9412811	9413211
chr1	9415422	9415822
chr1	9418693	9419093
chr1	9429494	9429894
chr1	9430152	9430552
chr1	9430754	9431154
chr1	9432799	9433199
chr1	9434784	9435184
chr1	9437625	9438025
chr1	9438619	9439019
chr1	9440496	9440896
chr1	9441326	9441726
chr1	9441819	9442219
chr1	9442748	9443148
chr1	9443821	9444221
chr1	9444587	9444987
chr1	9446016	9446416
chr1	9447209	9447609
chr1	9447656	9448056
chr1	9451057	9451457
chr1	9451592	9451992
chr1	9453440	9453840
chr1	9454275	9454675
chr1	9455569	9455969
chr1	9457307	9457707
chr1	9459152	9459552
chr1	9465322	9465722
chr1	9468729	9469129
chr1	9470238	9470638
chr1	9475721	9476121
chr1	9478285	9478685
chr1	9480480	9480880
chr1	9485065	9485465
chr1	9492409	9492809
chr1	9492943	9493343
chr1	9493814	9494214
chr1	9494402	9494802
chr1	9497755	9498155
chr1	9498908	9499308
chr1	9499879	9500279
chr1	9500994	9501394
chr1	9504101	9504501
chr1	9504621	9505021
chr1	9505158	9505558
chr1	9506707	9507107
chr1	9510115	9510515
chr1	9510904	9511304
chr1	9513840	9514240
chr1	9514713	9515113
chr1	9517384	9517784
chr1	9518206	9518606
chr1	9518900	9519300
chr1	9519433	9519833
chr1	9520695	9521095
chr1	9523951	9524351
chr1	9525406	9525806
chr1	9525929	9526329
chr1	9528087	9528487
chr1	9529020	9529420
chr1	9529814	9530214
chr1	9532880	9533280
chr1	9537564	9537964
chr1	9539339	9539739
chr1	9539873	9540273
chr1	9540943	9541343
chr1	9544163	9544563
chr1	9546219	9546619
chr1	9546790	9547190
chr1	9548200	9548600
chr1	9549883	9550283
chr1	9551651	9552051
chr1	9555030	9555430
chr1	9557503	9557903
chr1	9560528	9560928
chr1	9561928	9562328
chr1	9564040	9564440
chr1	9566769	9567169
chr1	9568877	9569277
chr1	9572678	9573078
chr1	9574088	9574488
chr1	9578657	9579057
chr1	9579164	9579564
chr1	9581419	9581819
chr1	9581925	9582325
chr1	9585549	9585949
chr1	9588384	9588784
chr1	9590042	9590442
chr1	9595357	9595757
chr1	9596188	9596588
chr1	9597928	9598328
chr1	9599663	9600063
chr1	9600194	9600594
chr1	9607734	9608134
chr1	9608860	9609260
chr1	9610137	9610537
chr1	9611637	9612037
chr1	9613539	9613939
chr1	9615626	9616026
chr1	9617920	9618320
chr1	9622663	9623063
chr1	9623117	9623517
chr1	9624588	9624988
chr1	9627361	9627761
chr1	9628455	9628855
chr1	9629158	9629558
chr1	9634551	9634951
chr1	9635843	9636243
chr1	9638126	9638526
chr1	9641299	9641699
chr1	9642473	9642873
chr1	9642960	9643360
chr1	9645382	9645782
chr1	9646486	9646886
chr1	9651205	9651605
chr1	9654102	9654502
chr1	9658016	9658416
chr1	9658591	9658991
chr1	9659870	9660270
chr1	9661410	9661810
chr1	9664115	9664515
chr1	9667790	9668190
chr1	9670660	9671060
chr1	9678897	9679297
chr1	9680489	9680889
chr1	9686710	9687110
chr1	9689981	9690381
chr1	9692905	9693305
chr1	9695280	9695680
chr1	9698568	9698968
chr1	9706478	9706878
chr1	9707334	9707734
chr1	9709276	9709676
chr1	9712288	9712688
chr1	9716535	9716935
chr1	9722909	9723309
chr1	9724447	9724847
chr1	9725026	9725426
chr1	9726944	9727344
chr1	9727457	9727857
chr1	9728381	9728781
chr1	9729382	9729782
chr1	9729809	9730209
chr1	9730920	9731320
chr1	9732997	9733397
chr1	9736497	9736897
chr1	9737096	9737496
chr1	9737510	9737910
chr1	9745332	9745732
chr1	9745999	9746399
chr1	9747038	9747438
chr1	9747481	9747881
chr1	9749203	9749603
chr1	9753640	9754040
chr1	9755089	9755489
chr1	9755767	9756167
chr1	9756421	9756821
chr1	9757287	9757687
chr1	9762138	9762538
chr1	9762637	9763037
chr1	9763350	9763750
chr1	9764363	9764763
chr1	9765233	9765633
chr1	9767869	9768269
chr1	9768291	9768691
chr1	9769367	9769767
chr1	9771336	9771736
chr1	9771881	9772281
chr1	9772332	9772732
chr1	9772873	9773273
chr1	9773686	9774086
chr1	9775671	9776071
chr1	9778983	9779383
chr1	9779644	9780044
chr1	9780574	9780974
chr1	9782307	9782707
chr1	9782722	9783122
chr1	9790485	9790885
chr1	9797015	9797415
chr1	9800389	9800789
chr1	9801256	9801656
chr1	9801833	9802233
chr1	9803384	9803784
chr1	9804169	9804569
chr1	9804833	9805233
chr1	9805638	9806038
chr1	9806296	9806696
chr1	9811798	9812198
chr1	9814671	9815071
chr1	9817349	9817749
chr1	9818236	9818636
chr1	9819999	9820399
chr1	9822213	9822613
chr1	9825904	9826304
chr1	9827317	9827717
chr1	9828297	9828697
chr1	9828880	9829280
chr1	9829374	9829774
chr1	9834230	9834630
chr1	9835570	9835970
chr1	9836509	9836909
chr1	9837822	9838222
chr1	9838416	9838816
chr1	9839070	9839470
chr1	9840771	9841171
chr1	9843597	9843997
chr1	9844604	9845004
chr1	9848721	9849121
chr1	9849254	9849654
chr1	9850638	9851038
chr1	9853189	9853589
chr1	9853661	9854061
chr1	9854357	9854757
chr1	9855025	9855425
chr1	9855751	9856151
chr1	9857389	9857789
chr1	9859917	9860317
chr1	9860355	9860755
chr1	9864115	9864515
chr1	9864744	9865144
chr1	9866024	9866424
chr1	9868933	9869333
chr1	9869472	9869872
chr1	9872341	9872741
chr1	9873760	9874160
chr1	9879978	9880378
chr1	9885018	9885418
chr1	9887188	9887588
chr1	9891721	9892121
chr1	9893371	9893771
chr1	9896008	9896408
chr1	9897388	9897788
chr1	9898288	9898688
chr1	9899439	9899839
chr1	9899979	9900379
chr1	9900959	9901359
chr1	9901522	9901922
chr1	9904578	9904978
chr1	9906499	9906899
chr1	9909213	9909613
chr1	9910551	9910951
chr1	9911241	9911641
chr1	9912210	9912610
chr1	9915480	9915880
chr1	9918914	9919314
chr1	9919748	9920148
chr1	9921319	9921719
chr1	9922340	9922740
chr1	9923770	9924170
chr1	9924723	9925123
chr1	9927376	9927776
chr1	9928370	9928770
chr1	9928854	9929254
chr1	9930190	9930590
chr1	9931330	9931730
chr1	9932148	9932548
chr1	9935492	9935892
chr1	9936991	9937391
chr1	9937750	9938150
chr1	9939506	9939906
chr1	9939971	9940371
chr1	9941709	9942109
chr1	9943371	9943771
chr1	9945380	9945780
chr1	9950232	9950632
chr1	9953595	9953995
chr1	9954718	9955118
chr1	9955867	9956267
chr1	9957394	9957794
chr1	9958687	9959087
chr1	9962863	9963263
chr1	9964474	9964874
chr1	9964939	9965339
chr1	9966156	9966556
chr1	9968032	9968432
chr1	9969010	9969410
chr1	9970531	9970931
chr1	9972183	9972583
chr1	9973225	9973625
chr1	9982863	9983263
chr1	9984835	9985235
chr1	9986355	9986755
chr1	9986946	9987346
chr1	9989196	9989596
chr1	9989793	9990193
chr1	9990606	9991006
chr1	9991651	9992051
chr1	9994839	9995239
